-6.671776416928801762e-16
-6.278056366539914723e-01
-6.278056366539995770e-01
-6.278056366539949140e-01
-6.287605663938712341e-01
-6.287605663938694578e-01
-6.287605663938721223e-01
6.278056364905312270e-01
6.278056364905242326e-01
6.278056364905270081e-01
6.287605665571883717e-01
6.287605665571865954e-01
6.287605665571854852e-01
-1.255611273307992493e+00
-1.255611273307987386e+00
-1.255611273307980280e+00
-1.256566203047861041e+00
-1.256566203047863706e+00
-1.256566203047869701e+00
-1.256566203047853048e+00
-1.256566203047873920e+00
-1.256566203047871477e+00
3.574492755346903603e-08
3.574492652713756402e-08
3.574492573895618801e-08
-1.634658276794542786e-10
-1.634666667559579901e-10
-1.634667167252357167e-10
-1.634670261050784925e-10
-1.634656398212368303e-10
-1.634670148215408439e-10
-1.257521132787732920e+00
-1.257521132787734031e+00
-1.257521132787738471e+00
1.256566167167762815e+00
1.256566167167756820e+00
1.256566167167751047e+00
-9.549299033395239290e-04
-9.549299033396928477e-04
-9.549299033396964256e-04
-9.549299033408380905e-04
-9.549299033402552234e-04
-9.549299033401695714e-04
9.549299031934950152e-04
9.549299031916747482e-04
9.549299031920212592e-04
9.549299031914344890e-04
9.549299031925331110e-04
9.549299031927424705e-04
1.255611272981062898e+00
1.255611272981048909e+00
1.255611272981060011e+00
1.633199004229876775e-10
1.633193424249723691e-10
1.633183647394694019e-10
1.633195236279892143e-10
1.633185975219639388e-10
1.633186165516178900e-10
-1.256566238846120065e+00
-1.256566238846116956e+00
-1.256566238846109851e+00
3.593359299610549007e-08
3.593359168710101161e-08
3.593359212394051279e-08
1.256566203047705832e+00
1.256566203047713159e+00
1.256566203047716712e+00
1.256566203047718711e+00
1.256566203047719821e+00
1.256566203047727370e+00
1.257521133114378298e+00
1.257521133114363865e+00
1.257521133114364309e+00
-1.883416909961967978e+00
-1.884371839701863172e+00
-1.884371839701852513e+00
-1.884371839701857843e+00
-6.278056009090685619e-01
-6.278056009090681178e-01
-6.278056009090645651e-01
-6.278056009090638989e-01
-6.278056009090685619e-01
-6.278056009090675627e-01
-6.278056368174620427e-01
-6.278056368174651514e-01
-6.278056368174591562e-01
-1.885326769441720174e+00
-1.885326769441724171e+00
-1.885326769441723949e+00
6.287605305137597966e-01
6.287605305137596856e-01
6.287605305137522471e-01
6.287605305137553557e-01
6.287605305137551337e-01
6.287605305137586864e-01
-6.287605306489414403e-01
-6.287605306489396639e-01
-6.287605306489411072e-01
-6.287605306489384427e-01
-6.287605306489424395e-01
-6.287605306489433277e-01
-6.287605665573327007e-01
-6.287605665573334779e-01
-6.287605665573317015e-01
-6.287605665573354763e-01
-6.287605665573331448e-01
-6.287605665573359204e-01
-6.268507067508035657e-01
-6.268507067508055641e-01
-6.268507067507957942e-01
-1.886281699181585392e+00
6.278056007738836986e-01
6.278056007738860300e-01
6.278056007738841426e-01
6.278056007738831434e-01
6.278056007738849198e-01
6.278056007738819222e-01
6.278056722354511399e-01
6.278056722354520280e-01
6.278056722354542485e-01
6.278056722354568020e-01
6.278056722354504737e-01
6.278056722354552477e-01
6.278056363270592133e-01
6.278056363270615448e-01
6.278056363270624329e-01
-6.297154962972079106e-01
-6.297154962972092429e-01
-6.297154962972102421e-01
-6.278056364906715592e-01
-6.278056364906734466e-01
-6.278056364906779985e-01
-6.278056364906710041e-01
-6.278056364906767772e-01
-6.278056364906746678e-01
1.884371803658285272e+00
1.884371803658282163e+00
1.884371803658279720e+00
1.884371803658268174e+00
1.884371803658278166e+00
1.884371803658277944e+00
-1.884371875500121085e+00
-1.884371875500122639e+00
-1.884371875500129523e+00
-1.884371875500126414e+00
-1.884371875500110649e+00
-1.884371875500115978e+00
6.287606023021118373e-01
6.287606023021160562e-01
6.287606023021077295e-01
6.287606023021152790e-01
6.287606023021140578e-01
6.287606023021129475e-01
-6.278056007204013689e-01
-6.278056007204015909e-01
-6.278056007204028122e-01
-6.278056007204010358e-01
-6.278056007203948186e-01
-6.278056007204029232e-01
6.268507065871914419e-01
6.268507065871887773e-01
6.268507065871927741e-01
6.287605663937176903e-01
6.287605663937194667e-01
6.287605663937215761e-01
6.287605663937203548e-01
6.287605663937219092e-01
6.287605663937183564e-01
-6.287605662305443266e-01
-6.287605662305525422e-01
-6.287605662305507659e-01
-1.885326805239994741e+00
-1.885326805239994075e+00
-1.885326805240004289e+00
-1.885326805239986747e+00
-1.885326805240012948e+00
-1.885326805239984527e+00
1.885326733724942860e+00
1.885326733724930204e+00
1.885326733724943082e+00
1.885326733724943971e+00
1.885326733724928649e+00
1.885326733724932868e+00
-6.287605304602745804e-01
-6.287605304602720269e-01
-6.287605304602759126e-01
-6.287605304602745804e-01
-6.287605304602759126e-01
-6.287605304602792433e-01
1.883416909471577361e+00
6.278056366538511401e-01
6.278056366538501409e-01
6.278056366538484756e-01
6.278056366538506960e-01
6.278056366538443678e-01
6.278056366538465882e-01
6.297154964603828287e-01
6.297154964603749461e-01
6.297154964603793870e-01
-6.287606023555953882e-01
-6.287606023555936119e-01
-6.287606023555943890e-01
-6.287606023555963874e-01
-6.287606023555920576e-01
-6.287606023555942780e-01
6.278056724241161124e-01
6.278056724241203312e-01
6.278056724241166675e-01
6.278056724241218856e-01
6.278056724241221076e-01
6.278056724241194431e-01
1.884371839538238502e+00
1.884371839538238946e+00
1.884371839538229843e+00
6.287605667205059534e-01
6.287605667205075077e-01
6.287605667205103943e-01
-6.278056722889316932e-01
-6.278056722889387986e-01
-6.278056722889310270e-01
-6.278056722889329144e-01
-6.278056722889345798e-01
-6.278056722889310270e-01
6.287606024907780311e-01
6.287606024907845814e-01
6.287606024907747004e-01
6.287606024907760327e-01
6.287606024907775870e-01
6.287606024907842484e-01
1.885326769604905417e+00
1.885326769604894537e+00
1.885326769604898089e+00
1.886281699671554346e+00
-1.255611237563069693e+00
-1.255611237563058147e+00
-1.255611237563053484e+00
9.548938597626420010e-04
9.548938597624213659e-04
9.548938597622735891e-04
-1.256566167302930026e+00
-1.256566167302943571e+00
-1.256566167302941128e+00
-1.256566167302942016e+00
-1.256566167302939130e+00
-1.256566167302942461e+00
7.148985309724659176e-08
7.148985316766891100e-08
7.148985323991191432e-08
-3.588011086304556547e-08
-3.588011087474193904e-08
-3.588011087333227107e-08
-3.588011081474772697e-08
-3.588011091775955282e-08
-3.588011078170606357e-08
3.558146059452487567e-08
3.558146045630907675e-08
3.558146044609859088e-08
3.558146047770772965e-08
3.558146049664805471e-08
3.558146060973606539e-08
-1.257521097042813008e+00
-1.257521097042810121e+00
-1.257521097042803015e+00
1.256566202912689612e+00
1.256566202912677177e+00
1.256566202912685837e+00
1.256566202912682062e+00
1.256566202912673180e+00
1.256566202912680286e+00
1.256566167004290024e+00
1.256566167004292023e+00
1.256566167004280921e+00
1.256566167004286028e+00
1.256566167004284029e+00
1.256566167004277812e+00
-2.512177512154116776e+00
-2.512177512154099901e+00
-2.512177512154109227e+00
-9.549656199837220239e-04
-9.549656199841817256e-04
-9.549656199843158414e-04
2.513132334335502094e+00
2.513132334335495877e+00
2.513132334335495432e+00
-9.548941584129770404e-04
-9.548941584128895453e-04
-9.548941584129986161e-04
-9.548941584121874160e-04
-9.548941584127932682e-04
-9.548941584127757041e-04
9.549656481191730242e-04
9.549656481188922158e-04
9.549656481187909513e-04
9.549656481191580622e-04
9.549656481190934437e-04
9.549656481189596532e-04
-1.255611237374398614e+00
-1.255611237374400613e+00
-1.255611237374398392e+00
1.255611237264415037e+00
1.255611237264403490e+00
1.255611237264416591e+00
1.255611237264424584e+00
1.255611237264413038e+00
1.255611237264407931e+00
-2.513132441893993096e+00
-2.513132441894000202e+00
-2.513132441894010416e+00
-2.513132441893951352e+00
-2.513132441893991320e+00
-2.513132441894001978e+00
1.257521097070942950e+00
1.257521097070948501e+00
1.257521097070942728e+00
1.257521097070944283e+00
1.257521097070938287e+00
1.257521097070939620e+00
1.255611308725984143e+00
1.255611308725988140e+00
1.255611308725987030e+00
3.590824598396439443e-08
3.590824560611993732e-08
3.590824576078476536e-08
3.590824576220913067e-08
3.590824576232636532e-08
3.590824574825372685e-08
-1.256566203101198154e+00
-1.256566203101202817e+00
-1.256566203101195711e+00
-1.256566203101196821e+00
-1.256566203101195045e+00
-1.256566203101201262e+00
-1.256566167114268939e+00
-1.256566167114272048e+00
-1.256566167114269605e+00
-1.256566167114267829e+00
-1.256566167114279375e+00
-1.256566167114265831e+00
2.512177440148789742e+00
2.512177440148807506e+00
2.512177440148789742e+00
-1.256566239009586639e+00
-1.256566239009583308e+00
-1.256566239009589303e+00
-1.256566239009594854e+00
-1.256566239009591301e+00
-1.256566239009589303e+00
-2.514087371633855206e+00
-2.514087371633848100e+00
-2.514087371633857426e+00
1.256566167331078621e+00
1.256566167331060413e+00
1.256566167331070627e+00
1.256566167331069961e+00
1.256566167331066630e+00
1.256566167331070627e+00
-7.167837123028293752e-08
-7.167837126315390393e-08
-7.167837127514180241e-08
-7.167837126221946777e-08
-7.167837135467480802e-08
-7.167837128853847550e-08
7.167851839815788349e-08
7.167851831120486926e-08
7.167851832164031517e-08
7.167851836880988594e-08
7.167851798852258581e-08
7.167851830830462845e-08
1.256566238792638845e+00
1.256566238792642176e+00
1.256566238792632850e+00
1.256566238792648837e+00
1.256566238792648837e+00
1.256566238792628631e+00
3.577012552737762752e-08
3.577012556426760644e-08
3.577012551783664840e-08
3.577012551241069431e-08
3.577012561134074118e-08
3.577012545191715631e-08
-1.257521096854138376e+00
-1.257521096854147036e+00
-1.257521096854146592e+00
1.256566203101348478e+00
1.256566203101344925e+00
1.256566203101340484e+00
1.256566203101336043e+00
1.256566203101347368e+00
1.256566203101342039e+00
-1.257521168749462293e+00
-1.257521168749465179e+00
-1.257521168749459628e+00
-1.257521168749465845e+00
-1.257521168749471618e+00
-1.257521168749451634e+00
2.513132370215463318e+00
2.513132370215464650e+00
2.513132370215455769e+00
2.513132370215465983e+00
2.513132370215473088e+00
2.513132370215483746e+00
-1.255611308942924387e+00
-1.255611308942927495e+00
-1.255611308942932824e+00
-1.255611308942931714e+00
-1.255611308942943927e+00
-1.255611308942926385e+00
1.257521168859308869e+00
1.257521168859302430e+00
1.257521168859305538e+00
-9.548939697476967019e-04
-9.548939697480007122e-04
-9.548939697478853530e-04
-9.548939697477987253e-04
-9.548939697477499362e-04
-9.548939697476827157e-04
9.549658367840833245e-04
9.549658367839822769e-04
9.549658367842139709e-04
9.549658367840207661e-04
9.549658367842026952e-04
9.549658367842897566e-04
-9.549658650664604159e-04
-9.549658650662116999e-04
-9.549658650658425290e-04
-1.256566238682798486e+00
-1.256566238682796044e+00
-1.256566238682804926e+00
-1.256566238682801595e+00
-1.256566238682807368e+00
-1.256566238682801817e+00
2.514087300282127568e+00
2.514087300282130677e+00
2.514087300282120019e+00
-2.513132477692241018e+00
-2.513132477692271216e+00
-2.513132477692248568e+00
1.255611308914653890e+00
1.255611308914651669e+00
1.255611308914649227e+00
3.609691082324950617e-08
3.609691082569827842e-08
3.609691084848431174e-08
3.609691082695943107e-08
3.609691076223864942e-08
3.609691079775741435e-08
-1.256566202912531516e+00
-1.256566202912522190e+00
-1.256566202912524410e+00
-1.256566202912526409e+00
-1.256566202912518193e+00
-1.256566202912534180e+00
-3.579840749702578595e-08
-3.579840739795934692e-08
-3.579840745018825210e-08
-3.579840745933309111e-08
-3.579840746848416376e-08
-3.579840738883408231e-08
7.186718331600659811e-08
7.186718336030258313e-08
7.186718367982458666e-08
1.256566238981306594e+00
1.256566238981320582e+00
1.256566238981299932e+00
1.256566238981314587e+00
1.256566238981311701e+00
1.256566238981313033e+00
9.548942682513364769e-04
9.548942682515227428e-04
9.548942682512642690e-04
1.257521169047968845e+00
1.257521169047967069e+00
1.257521169047964404e+00
-6.278055651641442081e-01
-6.278055651641393231e-01
-6.278055651641428758e-01
6.287605662586799316e-01
6.287605662586881472e-01
6.287605662586808197e-01
6.287605662586882582e-01
6.287605662586838173e-01
6.287605662586833732e-01
-6.287604949040120905e-01
-6.287604949040102031e-01
-6.287604949040103142e-01
1.885326697681497521e+00
1.885326697681510399e+00
1.885326697681507069e+00
6.278056365188036114e-01
6.278056365188092736e-01
6.278056365188106058e-01
6.278056365188089405e-01
6.278056365188104948e-01
6.278056365188106058e-01
6.278057079803760487e-01
6.278057079803827101e-01
6.278057079803837093e-01
1.884371767941627418e+00
1.884371767941649845e+00
1.884371767941636966e+00
1.884371839403198523e+00
1.884371839403189419e+00
1.884371839403206961e+00
1.884371839403215843e+00
1.884371839403202076e+00
1.884371839403195192e+00
-1.884371839755197620e+00
-1.884371839755185407e+00
-1.884371839755185407e+00
-1.884371839755196065e+00
-1.884371839755199174e+00
-1.884371839755189182e+00
6.287606380470431855e-01
6.287606380470325274e-01
6.287606380470368572e-01
3.140937970826015668e+00
3.140937970826014780e+00
3.140937970826034320e+00
-6.278057083323630438e-01
-6.278057083323633769e-01
-6.278057083323637100e-01
-6.278057083323673737e-01
-6.278057083323632659e-01
-6.278057083323705934e-01
-6.278055649754753498e-01
-6.278055649754757939e-01
-6.278055649754755718e-01
-6.278055649754744616e-01
-6.278055649754762380e-01
-6.278055649754792356e-01
-1.885326769495062837e+00
-1.885326769495059951e+00
-1.885326769495078381e+00
-1.885326769495065058e+00
-1.885326769495057952e+00
-1.885326769495045296e+00
1.885326769469865216e+00
1.885326769469855668e+00
1.885326769469853891e+00
1.885326769469850339e+00
1.885326769469860109e+00
1.885326769469869879e+00
6.287605664473395750e-01
6.287605664473465694e-01
6.287605664473486788e-01
6.287605664473483458e-01
6.287605664473459033e-01
6.287605664473513434e-01
-6.287606380722396970e-01
-6.287606380722401411e-01
-6.287606380722378097e-01
-6.287606380722403632e-01
-6.287606380722372545e-01
-6.287606380722335908e-01
3.141892900892684359e+00
3.141892900892673701e+00
3.141892900892685248e+00
-6.287604947153435653e-01
-6.287604947153460078e-01
-6.287604947153501156e-01
-6.287604947153446755e-01
-6.287604947153545565e-01
-6.287604947153484503e-01
-6.287605666106622637e-01
-6.287605666106690361e-01
-6.287605666106665936e-01
-6.287605666106687030e-01
-6.287605666106657054e-01
-6.287605666106615976e-01
6.278056367074734689e-01
6.278056367074762445e-01
6.278056367074746902e-01
6.278056367074743571e-01
6.278056367074716926e-01
6.278056367074748012e-01
6.278055648121526611e-01
6.278055648121546595e-01
6.278055648121565469e-01
6.278055648121577681e-01
6.278055648121558807e-01
6.278055648121546595e-01
-3.140938114346263799e+00
-3.140938114346222498e+00
-3.140938114346250032e+00
6.278057081690477936e-01
6.278057081690442409e-01
6.278057081690487928e-01
6.278057081690424646e-01
6.278057081690425756e-01
6.278057081690444630e-01
-6.278056365440087827e-01
-6.278056365440068953e-01
-6.278056365440044528e-01
-6.278056365440073394e-01
-6.278056365440009001e-01
-6.278056365440072284e-01
1.884371839591866937e+00
1.884371839591864273e+00
1.884371839591870046e+00
1.884371839591862496e+00
1.884371839591870934e+00
1.884371839591874265e+00
-1.884371839566524542e+00
-1.884371839566521878e+00
-1.884371839566517215e+00
-1.884371839566505891e+00
-1.884371839566518991e+00
-1.884371839566522322e+00
-3.141893044086106812e+00
-3.141893044086126352e+00
-3.141893044086096598e+00
6.287604948788125814e-01
6.287604948788152459e-01
6.287604948788135806e-01
6.287604948788143577e-01
6.287604948788159120e-01
6.287604948788214632e-01
6.287606382357037171e-01
6.287606382357039392e-01
6.287606382357049384e-01
6.287606382357052714e-01
6.287606382357066037e-01
6.287606382357028290e-01
-6.278055647868082678e-01
-6.278055647868074907e-01
-6.278055647868074907e-01
-1.885326769306402417e+00
-1.885326769306402861e+00
-1.885326769306399308e+00
-1.885326769306394645e+00
-1.885326769306388428e+00
-1.885326769306404637e+00
1.885326769658527857e+00
1.885326769658525414e+00
1.885326769658532076e+00
1.885326769658524970e+00
1.885326769658528301e+00
1.885326769658530521e+00
-1.885326841201711900e+00
-1.885326841201725667e+00
-1.885326841201720782e+00
-6.287604945266817014e-01
-6.287604945266810352e-01
-6.287604945266824785e-01
-6.287605664219984014e-01
-6.287605664220011770e-01
-6.287605664220088375e-01
-6.287605664220032864e-01
-6.287605664219977353e-01
-6.287605664220045076e-01
-1.884371911135044764e+00
-1.884371911135052979e+00
-1.884371911135056310e+00
6.278057083577104347e-01
6.278057083577105457e-01
6.278057083577121000e-01
-6.278056363553418118e-01
-6.278056363553388142e-01
-6.278056363553451424e-01
-6.278056363553424779e-01
-6.278056363553350394e-01
-6.278056363553425889e-01
6.287606384243668023e-01
6.287606384243712432e-01
6.287606384243682456e-01
1.072347804073615334e-07
1.256566238657601975e+00
1.256566238657600865e+00
1.256566238657600421e+00
2.513132370080417566e+00
2.513132370080439770e+00
2.513132370080439326e+00
3.769698501503246479e+00
-1.256566167356263364e+00
-1.256566167356260033e+00
-1.256566167356270691e+00
-3.593344453153152207e-08
-3.593344467376414314e-08
-3.593344435206175769e-08
-3.593344436645779069e-08
-3.593344534424947057e-08
-3.593344470555984092e-08
1.074234458110578645e-07
1.074234456505245673e-07
1.074234445374471607e-07
1.256566095489377810e+00
1.256566095489374257e+00
1.256566095489383805e+00
1.256566238846268169e+00
1.256566238846263506e+00
1.256566238846258843e+00
1.256566238846270389e+00
1.256566238846255956e+00
1.256566238846273054e+00
2.513132370269092863e+00
2.513132370269072435e+00
2.513132370269104854e+00
-2.513132441947321549e+00
-2.513132441947320661e+00
-2.513132441947316220e+00
-1.256566310524493968e+00
-1.256566310524503294e+00
-1.256566310524492858e+00
-1.256566167167617154e+00
-1.256566167167602055e+00
-1.256566167167597392e+00
-1.256566167167605386e+00
-1.256566167167605386e+00
-1.256566167167604720e+00
-3.574477966759828096e-08
-3.574477954210473823e-08
-3.574477961539266919e-08
-3.574478026915038631e-08
-3.574477949741527993e-08
-3.574477988687764095e-08
1.076121101696729281e-07
1.076121094645937428e-07
1.076121098471610835e-07
1.256566239034934807e+00
1.256566239034935695e+00
1.256566239034936139e+00
-3.769698716538353978e+00
-2.513132441758649804e+00
-2.513132441758655133e+00
-2.513132441758667124e+00
-1.256566166978936083e+00
-1.256566166978926979e+00
-1.256566166978941412e+00
1.078007761391129276e-07
