1.256637061435919023e+00
-1.256637061435919023e+00
1.256637061435920799e+00
6.283185307179669499e-01
6.283185307179550705e-01
6.283185307179591783e-01
-6.283185307179630641e-01
6.283185307179556256e-01
-1.256637061435929681e+00
6.283185307179590673e-01
6.283185307179647294e-01
-1.880894470708332815e-16
-6.283185307179549595e-01
-6.283185307179565138e-01
-5.472370982004958855e-16
-1.360816239549169522e-15
9.983816719550057394e-16
-6.283185307179613988e-01
-6.283185307179567358e-01
6.283185307179626200e-01
-1.256637061435910585e+00
2.252362179985782638e-16
1.400650215010983805e-16
-7.594254163598806657e-16
-3.703974029396284236e-16
1.608944608972619780e-16
-8.029306428251647141e-16
2.499441688075847887e-16
-9.028288059035288762e-16
1.218267119866973054e-16
3.696680909985119059e-17
9.745954071853419614e-17
-1.256637061435913472e+00
-1.164644611385578650e-15
-6.283185307179564028e-01
-1.850514005488501610e-16
1.256637061435929237e+00
6.283185307179586232e-01
-4.312086904104469411e-16
-4.492672889195443488e-16
-6.283185307179619539e-01
6.283185307179621759e-01
-9.983676139821039070e-16
-6.283185307179579571e-01
-6.283185307179618428e-01
-1.256637061435931901e+00
-6.283185307179529611e-01
6.283185307179581791e-01
-6.283185307179574020e-01
6.283185307179656176e-01
-6.283185307179588452e-01
6.283185307179628420e-01
1.884955592153880755e+00
6.283185307179536272e-01
6.283185307179588452e-01
6.283185307179585122e-01
-1.884955592153879644e+00
-6.283185307179582901e-01
-6.283185307179540713e-01
-1.256637061435924130e+00
-6.283185307179548484e-01
1.256637061435917246e+00
1.256637061435913472e+00
1.256637061435921021e+00
-6.283185307163996480e-01
-6.283185307114926843e-01
6.283185307109501183e-01
6.283185307175941370e-01
-6.283185307104968143e-01
-6.283185307163486888e-01
6.283185307229622873e-01
6.283185307047937096e-01
-6.283185307219774085e-01
1.256637061447853476e+00
-1.256637061436593594e+00
1.256637061424900281e+00
-6.283185307233201122e-01
-1.256637061442697156e+00
6.283185307184652180e-01
1.256637061436525205e+00
-6.283185307279920417e-01
-1.256637061448143688e+00
-6.283185307186960333e-01
-1.241294393661274142e-12
-6.283185307140843889e-01
6.283185307171861300e-01
6.283185307170123801e-01
6.283185307099737882e-01
6.283185307260205077e-01
-6.283185307098603234e-01
9.174138086315602198e-13
-6.283185307222984850e-01
1.772632541990714009e-12
1.513790151411747133e-13
2.049425836127032556e-12
-2.688187555588046677e-13
-6.283185307234445682e-01
4.583459028020703031e-13
6.283185307153127397e-01
-1.141997983825050432e-12
4.091396615145453026e-12
1.040746988714182253e-12
-1.336091120233407322e-12
2.707128258678641053e-13
1.453475599756093464e-12
3.234639338308123207e-12
1.367852082699954175e-12
6.283185307248230211e-01
6.642650837114541763e-13
4.443326518413121830e-12
1.815389796466455360e-12
6.283185307297848299e-01
1.256637061435917690e+00
6.283185307179603996e-01
1.256637061435915692e+00
-6.283185307179560697e-01
1.256637061435912139e+00
-1.256637061435917024e+00
-6.283185307179558476e-01
-6.283185307179561807e-01
1.884955592153879200e+00
-1.256637061435917246e+00
-1.884955592153880310e+00
-1.256637061435921465e+00
6.283185307179619539e-01
-6.283185307179555146e-01
-6.283185307179581791e-01
-6.283185307179621759e-01
-6.283185307179534052e-01
6.283185307179595114e-01
1.256637061435920133e+00
6.283185307179608436e-01
-6.283185307179625090e-01
6.283185307179619539e-01
-6.283185307179626200e-01
-6.283185307179551815e-01
-1.256637061435925018e+00
-1.884955592153866544e+00
6.283185307179612877e-01
1.256637061435911029e+00
-6.283185307179645074e-01
-6.283185307179517398e-01
6.283185307179607326e-01
-7.880794541254010355e-17
1.266348137463069179e-16
-7.047314121155778821e-17
5.274643569141979071e-17
-4.264980296014853067e-17
1.976127865944282691e-17
3.035766082959412415e-18
3.038537748703401669e-18
-1.134223877653268170e-19
-6.830473686658677934e-18
-2.656295322589485863e-18
-3.726944967918921492e-18
4.125389266307344371e-17
8.006578933921273955e-19
4.443534841296059579e-18
2.240849808121389891e-18
1.734723475976807094e-18
1.501620008892423641e-17
-1.479391846035776171e-18
-2.114194236346733646e-18
5.488773498207866197e-19
-6.283185307179559587e-01
-7.027662956779479053e-17
6.283185307179546264e-01
3.642919299551294898e-17
7.589415207398531038e-19
6.283185307179580681e-01
6.283185307179621759e-01
6.283185307179587342e-01
6.283185307179637302e-01
-1.256637061435931457e+00
-6.283185307179597334e-01
6.283185307179618428e-01
1.256637061435910807e+00
-6.283185307179556256e-01
-1.256637061435919023e+00
6.283185307179568468e-01
-6.283185307179616208e-01
6.283185307179569579e-01
6.283185307179587342e-01
1.256637061435920799e+00
6.283185307179626200e-01
-6.283185307179590673e-01
-6.283185307179612877e-01
6.283185307179630641e-01
-6.283185307179577350e-01
1.256637061435926128e+00
-6.283185307179609547e-01
-1.256637061435927016e+00
1.884955592153884973e+00
1.884955592153870763e+00
6.283185307179615098e-01
-6.283185307179547374e-01
1.256637061435913916e+00
6.283185307179579571e-01
6.283185307179570689e-01
-1.256637061435915914e+00
-1.256637061435928127e+00
1.256637061435915026e+00
1.256637061435917690e+00
-1.884955592153875426e+00
-1.256637061435925018e+00
-1.256637061435913916e+00
-1.256637061435918357e+00
1.256637061435925240e+00
6.283185307061335267e-01
-1.814642709528919894e-12
-4.442733387115841985e-12
-6.641396557835864960e-13
6.283185307110887852e-01
-1.368076873392410200e-12
-3.234508921239543941e-12
-1.453806405038359316e-12
-2.705472051389713264e-13
1.336403163894881421e-12
-1.040907238876594415e-12
-4.091504116440118979e-12
1.142205196148059694e-12
6.283185307206018422e-01
-4.580852120568353442e-13
-6.283185307124745655e-01
2.687712703102604944e-13
-2.049340970910652087e-12
-1.513049144334433810e-13
-1.772956815613612766e-12
-6.283185307136169850e-01
-9.180936632008831714e-13
-6.283185307260649166e-01
6.283185307099009576e-01
6.283185307259485652e-01
6.283185307189063096e-01
6.283185307187484359e-01
1.241933619194847484e-12
-6.283185307218306370e-01
-6.283185307172286516e-01
-1.256637061423692359e+00
-6.283185307079313109e-01
1.256637061435314395e+00
6.283185307174560252e-01
-1.256637061429169089e+00
-6.283185307126047947e-01
1.256637061446944870e+00
-1.256637061435243119e+00
1.256637061423980350e+00
-6.283185307139388387e-01
6.283185307311260903e-01
6.283185307129566244e-01
-6.283185307195758851e-01
-6.283185307254145480e-01
6.283185307183248858e-01
6.283185307249719020e-01
-6.283185307244234519e-01
-6.283185307195173763e-01
6.283185306636492884e-01
3.371615605286308872e-11
-6.283185308387648771e-01
6.283185307580566592e-01
1.105453950327912488e-11
-6.283185309116507966e-01
-6.283185305847044377e-01
1.413546662035715273e-10
-6.283185304911202973e-01
-1.014740752020099323e-10
6.283185308370008437e-01
9.564205749845615207e-11
-1.547260051942864562e-10
6.283185305879127602e-01
-6.283185308980953065e-01
4.565859849416766187e-11
-1.149768548117658884e-10
1.285765375191802423e-10
-1.256637061425835089e+00
-1.256637061435699199e+00
-6.098079545350829050e-11
-1.256637061433291347e+00
-6.283185307151092358e-01
1.256637061440746272e+00
-6.283185304948917249e-01
1.256637061426774338e+00
-1.256637061441127079e+00
1.256637061439596081e+00
6.283185307194724123e-01
-6.283185307214963489e-01
1.256637061417751777e+00
6.283185307152583388e-01
6.283185307184705470e-01
-6.283185307223537741e-01
6.283185307134958597e-01
6.283185307247121099e-01
-6.283185307151154531e-01
6.283185307127121533e-01
-6.283185307200161995e-01
-6.283185307217692417e-01
1.256637061424508151e+00
-6.283185307117560292e-01
-6.283185307200179759e-01
6.283185307273098097e-01
-1.256637061438392156e+00
6.283185307232044270e-01
6.283185307150024324e-01
-6.283185307261756058e-01
-6.283185307210571446e-01
-5.751700784665627936e-13
9.570691678409404268e-13
-1.256637061418588441e+00
6.283185307109805384e-01
-9.675450557626965372e-13
-6.283185307115415341e-01
-5.903717809243970490e-13
-1.159579384010555391e-12
-6.762054940762121114e-13
1.524362647074114846e-12
-6.283185307126682995e-01
6.283185307227852068e-01
1.256637061430672553e+00
6.283185307248245755e-01
-2.526875288272406896e-13
1.168156994874939808e-12
-2.158422746090238320e-12
1.374356145203050392e-12
6.375029995770750079e-13
1.256637061435929903e+00
1.884955592153877646e+00
-1.256637061435922353e+00
6.283185307179547374e-01
-1.256637061435918801e+00
-6.283185307179569579e-01
-6.283185307179599555e-01
-6.283185307179582901e-01
1.256637061435923020e+00
-6.283185307179615098e-01
-6.283185307179568468e-01
6.283185307179559587e-01
-6.283185307179556256e-01
-6.283185307179584012e-01
6.283185307179584012e-01
-6.283185307179579571e-01
6.283185307179598444e-01
6.283185307179613988e-01
1.884955592153880977e+00
-6.283185307179613988e-01
-1.884955592153881643e+00
3.412076085378095968e-18
6.283185307179605106e-01
6.283185307179606216e-01
-1.884955592153869430e+00
-8.060365526071922027e-18
3.593113762252742038e-18
-3.035766082959412415e-18
6.283185307179595114e-01
-7.101524229780054043e-18
-2.493664996716660198e-18
7.494547517306049400e-18
3.189886891304759998e-19
9.974659986866640793e-18
-1.843143693225357538e-18
-3.081983334770601085e-18
3.197181393453605394e-18
8.673617379884035472e-18
1.622634603286734532e-18
-4.336808689942017736e-18
-7.115054015601657176e-19
-1.490045120615117323e-18
6.283185307179545154e-01
-8.944667923005411581e-19
-4.016552159827654288e-20
2.004174561271628293e-18
-2.132671906784786561e-18
1.151047203521261795e-18
-3.601962382563303548e-18
-1.257674520083185143e-17
-6.283185307179589563e-01
-2.385244779468109755e-17
-1.734723475976807094e-18
6.288372600415925717e-18
-3.469446951953614189e-18
-8.090858712173076839e-18
4.228388472693467293e-18
4.813857645835639687e-17
-3.903127820947815962e-18
9.086969458144134038e-18
-6.283185307179579571e-01
2.255140518769849223e-17
1.127570259384924611e-17
6.283185307179595114e-01
-6.283185307179592893e-01
-8.090858712173076839e-18
6.283185307179601775e-01
-6.098637220230962441e-18
4.552632684902413462e-17
6.283185307179597334e-01
-6.283185307179564028e-01
-9.024627833226217533e-17
-6.283185307179610657e-01
-6.283185307179610657e-01
-6.283185307179618428e-01
6.283185307179577350e-01
6.283185307179616208e-01
-6.283185307179571799e-01
1.256637061435910807e+00
-6.283185307179590673e-01
6.283185307179621759e-01
-6.283185307179598444e-01
6.283185307179584012e-01
6.283185307179587342e-01
6.283185307179599555e-01
-1.256637061435923242e+00
-6.283185307179577350e-01
-6.283185307179577350e-01
6.283185307179566248e-01
6.283185307179666168e-01
-6.283185307179600665e-01
6.283185307179599555e-01
-6.283185307179557366e-01
-1.256637061435917246e+00
6.283185307179601775e-01
1.256637061435922575e+00
1.884955592153874981e+00
1.884955592153871651e+00
6.283185307179586232e-01
-1.884955592153882975e+00
-1.256637061435907476e+00
1.256637061435921687e+00
1.256637061435921909e+00
6.283185307179576240e-01
1.256637061435917024e+00
1.256637061435919467e+00
1.256637061435925240e+00
2.536324585886177959e-12
6.283185307093644978e-01
6.283185307255357843e-01
4.115005871709503386e-13
1.021832999906016464e-12
-1.585758122784326480e-12
-9.157221934311011882e-13
-1.369307859635623714e-12
2.447819608106160114e-12
-2.338786626676502891e-12
-6.283185307106129436e-01
9.259644646483786656e-14
4.771988463047884842e-13
-6.283185307131617936e-01
9.164759078014152134e-13
-2.288080982108364313e-13
-6.283185307280270138e-01
6.283185307172995948e-01
6.283185307255289009e-01
-6.283185307203540404e-01
6.283185307207335146e-01
-6.283185307253201790e-01
-6.283185307171126333e-01
-6.283185307187501012e-01
-1.256637061441763237e+00
-1.256637061438287351e+00
-6.283185307219976146e-01
1.256637061447698489e+00
6.283185307144888432e-01
-6.283185307151439858e-01
6.283185307216343496e-01
6.283185307183314361e-01
1.256637061443695247e+00
6.283185307108978268e-01
1.256637061429985325e+00
-6.283185307182027612e-01
-1.256637061432963831e+00
-6.283185307208860593e-01
6.283185307097325367e-01
6.283185307211252013e-01
-1.256637061450224691e+00
-1.256637061440068592e+00
-6.283185307127909791e-01
1.256637061434138891e+00
-1.256637061455863291e+00
1.256637061417996470e+00
-6.283185308760940169e-01
6.283185307154391941e-01
1.256637061429197288e+00
6.283185305486109762e-01
1.357245542589943885e-10
-8.221557043881198991e-11
7.764777589649036012e-11
-1.019354506891435418e-11
-1.027793730270134952e-10
1.051676668236545521e-11
6.283185308368580690e-01
-6.283185306275432813e-01
-6.283185309759401482e-01
-6.283185304616651923e-01
-6.283185308089482835e-01
-3.407062998500753900e-11
6.283185307128520414e-01
4.945843734560639859e-11
6.283185308962815352e-01
2.722706876439293683e-10
-1.105042904337410914e-09
6.283185307491285787e-01
-6.283185304937537463e-01
-6.283185306373059165e-01
6.283185309415971753e-01
6.283185304773875046e-01
6.283185306510581380e-01
-6.283185307660698049e-01
-6.283185310403249790e-01
6.283185307171810230e-01
1.256637061418216961e+00
-6.283185307213343673e-01
1.256637061441490344e+00
-1.256637061433292457e+00
-6.283185307182489465e-01
6.283185307139366182e-01
6.283185307169281142e-01
6.283185307201589742e-01
-1.256637061422195112e+00
6.283185307231599070e-01
3.014072281690149957e-13
-6.283185307038924305e-01
1.792798148988903308e-12
-4.554608353236462866e-12
-1.256637061427074320e+00
-1.341218769347976973e-12
1.118325030290915484e-12
-7.947352459014133536e-13
6.283185308498262511e-01
-6.283185307050490609e-01
1.799789723202029427e-12
-1.053828174904986837e-12
3.922525392485200873e-15
4.159891426042649422e-12
1.442542613901582347e-12
6.283185307236470729e-01
4.521422849694690345e-12
-8.631039385223529076e-13
1.255903983532454253e-12
-6.283185307227423522e-01
2.924310753055350037e-13
-2.387573715394228037e-12
-1.367238552299002816e-12
1.256637061440288194e+00
7.156505572325280023e-13
-6.283185307085183968e-01
-1.923282173715550374e-12
-4.603638281357997535e-14
1.256637061435912139e+00
-1.256637061435915470e+00
6.283185307179562917e-01
-6.283185307179579571e-01
-1.256637061435922353e+00
6.283185307179590673e-01
6.283185307179580681e-01
-1.884955592153883419e+00
-6.283185307179557366e-01
6.283185307179584012e-01
-6.283185307179584012e-01
1.256637061435925240e+00
6.283185307179600665e-01
6.283185307179549595e-01
6.283185307179536272e-01
6.283185307179611767e-01
-6.283185307179568468e-01
-6.283185307179611767e-01
6.283185307179570689e-01
6.283185307179607326e-01
-6.938893903907228378e-18
1.256637061435911695e+00
1.256637061435926350e+00
1.142206988713478921e-16
-1.256637061435925906e+00
-6.283185307179578460e-01
-6.283185307179598444e-01
-7.258733544790452186e-17
-3.455894424797545383e-19
7.502679033599690683e-17
-6.283185307179605106e-01
2.309629710215257153e-18
-8.006007125384695444e-18
4.309117443489400146e-18
1.000979752168260710e-16
-6.283185307179568468e-01
-6.283185307179594004e-01
-2.938548330356512595e-17
-6.283185307179630641e-01
-8.673617379884035472e-17
6.283185307179585122e-01
6.283185307179616208e-01
-2.134523027080836854e-16
6.283185307179651735e-01
-6.283185307179572909e-01
6.283185307179560697e-01
-6.283185307179575130e-01
-6.283185307179605106e-01
1.256637061435915026e+00
6.283185307179574020e-01
-6.283185307179607326e-01
6.283185307179578460e-01
-6.283185307179577350e-01
6.283185307179598444e-01
-6.283185307179635082e-01
-6.283185307179544044e-01
-1.256637061435915914e+00
6.283185307179611767e-01
1.256637061435920577e+00
1.884955592153881643e+00
-1.256637061435921465e+00
-1.256637061435917913e+00
4.625944579993463370e-14
1.922977556094227062e-12
-6.283185307273889686e-01
-7.158553566403849076e-13
1.256637061431537195e+00
1.367359641682301246e-12
2.387427579879173179e-12
-2.926050312955232687e-13
-6.283185307131767816e-01
-1.256027330348264812e-12
8.628719636941328156e-13
-4.521921945807098717e-12
6.283185307122770569e-01
-1.442309178753270303e-12
-4.160105031365206601e-12
-4.160560624139129299e-15
1.053953985046132208e-12
-1.799812527254391524e-12
-6.283185307309918644e-01
7.950465764423485049e-13
-1.119186809814913952e-12
1.340999322046946286e-12
-1.256637061444768166e+00
4.554587667616649016e-12
-1.792652301191546155e-12
-6.283185307319620883e-01
-3.011555589238972372e-13
6.283185307127485686e-01
-1.256637061449640935e+00
6.283185307157593824e-01
6.283185307189810276e-01
6.283185307219922855e-01
-6.283185307176776258e-01
-1.256637061438543812e+00
1.256637061430360802e+00
-6.283185307145613407e-01
-6.283185306017725624e-01
1.256637061453612203e+00
6.283185307188084989e-01
-6.283185309623364745e-01
-6.283185307859860957e-01
6.283185304683021055e-01
6.283185306529152081e-01
6.283185309364470728e-01
-6.283185305542392518e-01
6.283185307348853055e-01
1.110732061881947175e-09
-6.283185306198062481e-01
-2.779585202841642648e-10
1.465516492882290578e-10
-8.973063470619899935e-11
-3.875238225339569173e-11
-6.283185307163334787e-01
6.283185307211937021e-01
-6.283185307266818675e-01
6.283185307259624430e-01
6.283185307316417889e-01
6.283185307292448174e-01
-6.283185307145425780e-01
-6.283185307205106929e-01
-6.283185307096311734e-01
-6.283185307166393452e-01
6.283185307101344375e-01
6.283185307135731312e-01
-1.256637061435915470e+00
1.256637061435917024e+00
-6.283185307179556256e-01
-6.283185307179597334e-01
-2.478898331943204139e-16
-2.354294195575437620e-16
-1.491862189340054101e-16
3.174249617088386113e-16
-8.347307744016070122e-18
-5.287899856285705816e-17
1.804112415015879378e-16
7.333611257327732336e-17
6.824732366946284660e-16
3.233611803614335617e-16
-5.363490972561850770e-16
3.166751257922817420e-16
6.283185307179586232e-01
3.318514151082370411e-16
-1.256637061435921687e+00
1.256637061435918801e+00
4.022419706074375351e-16
-6.283185307179633972e-01
2.041496717487285229e-16
6.283185307179625090e-01
1.256637061435929681e+00
6.283185307179600665e-01
-1.256637061435925462e+00
6.283185307223415617e-01
6.283185307257891372e-01
-6.283185307192863389e-01
-6.283185307262798558e-01
-6.283185307154089960e-01
-6.283185307213665638e-01
6.283185307066708747e-01
6.283185307042769008e-01
6.283185307099562467e-01
-6.283185307092463701e-01
1.014334328419356239e-10
6.283185307147196585e-01
-6.283185307195761071e-01
-3.212859007098010676e-10
2.397990493240714782e-10
-6.268156220727421399e-11
-1.500694167532606550e-10
1.747332845141111905e-10
-1.578095734947916815e-11
5.742515582543152823e-12
1.359827203097074833e-11
6.283185307179599555e-01
6.283185307179555146e-01
-6.283185307179524060e-01
-6.283185307179541823e-01
-6.283185307179643964e-01
6.283185307179564028e-01
-1.360010324844007634e-11
-5.742603041583669438e-12
1.578153672102920383e-11
6.093249697583865001e-16
