4.080439060559481323e-15
3.014306352693853231e-15
2.535664278373317426e-15
2.118964725905669866e-15
1.901256929670580575e-15
1.707184740795675282e-15
1.273243832686666438e-15
1.140400641322622373e-15
7.915997230541899077e-16
6.661338147750939243e-16
6.464216640265918468e-16
6.401779251720855299e-16
5.710411180500921369e-16
4.886313886391344355e-16
4.707661471846111018e-16
3.817430928894790705e-16
3.591808587387775603e-16
3.323718302970278057e-16
3.196759850681326177e-16
2.482822974991805154e-16
2.220441676101831057e-16
1.918428922461862709e-16
1.674220625417238544e-16
1.596415043685218664e-16
1.557160567424530161e-16
1.390155628898514100e-16
9.362695573285128631e-17
4.271150264961703165e-17
9.492084696883058463e-18
-4.283668681512651301e-17
-6.718366592467200713e-17
-8.356337256760738151e-17
-9.208942202548753286e-17
-1.070256726954368388e-16
-1.491453683609605374e-16
-1.513971914580886067e-16
-1.558530819978613098e-16
-1.665334536937734811e-16
-2.575034131435342082e-16
-2.653305481821250314e-16
-3.330669073875469621e-16
-3.339342691255353657e-16
-4.171586692393358443e-16
-4.253325122660633895e-16
-4.428701282022380739e-16
-4.441448333375387236e-16
-4.865567820669125521e-16
-6.644397488805853236e-16
-6.657565483875606428e-16
-6.662192578979384599e-16
-8.881784197001252323e-16
-9.014476143353374743e-16
-1.094556303232741001e-15
-1.434128423655200990e-15
-1.554312234475219157e-15
-1.611673305663280376e-15
-1.625435896990268247e-15
-1.897074969906996624e-15
-2.106573919326011359e-15
-2.664535357712104731e-15
-2.773096507334643981e-15
-3.415670524198333169e-15
-5.014723515403557300e-15
-7.078595206716557743e-15
-1.333333331708436847e-02
-1.333333332008684001e-02
-1.333333332349044206e-02
-1.333333332456925965e-02
-1.333333332458767374e-02
-1.333333332597380627e-02
-1.333333332619903409e-02
-1.333333332632080648e-02
-1.333333332652719173e-02
-1.333333332680597394e-02
-1.333333332698354023e-02
-1.333333332761066359e-02
-1.333333332778073588e-02
-1.333333332793681242e-02
-1.333333332804053327e-02
-1.333333332817484423e-02
-1.333333332881265695e-02
-1.333333332909785243e-02
-1.333333332909892970e-02
-1.333333332940972449e-02
-1.333333332941001419e-02
-1.333333332952110588e-02
-1.333333332977232333e-02
-1.333333332998375143e-02
-1.333333333038900365e-02
-1.333333333044730944e-02
-1.333333333050349019e-02
-1.333333333057348975e-02
-1.333333333102488041e-02
-1.333333333146905116e-02
-1.333333333166811067e-02
-1.333333333166830496e-02
-1.333333333183008701e-02
-1.333333333185144666e-02
-1.333333333206558786e-02
-1.333333333216584100e-02
-1.333333333217761978e-02
-1.333333333222090980e-02
-1.333333333226017006e-02
-1.333333333235207051e-02
-1.333333333270686309e-02
-1.333333333283970648e-02
-1.333333333303533472e-02
-1.333333333311455607e-02
-1.333333333316559684e-02
-1.333333333317048876e-02
-1.333333333326387933e-02
-1.333333333331788648e-02
-1.333333333332978494e-02
-1.333333333332992199e-02
-1.333333333332999658e-02
-1.333333333333035567e-02
-1.333333333333036608e-02
-1.333333333333140691e-02
-1.333333333333146589e-02
-1.333333333333151793e-02
-1.333333333333185967e-02
-1.333333333333186661e-02
-1.333333333333229336e-02
-1.333333333333237142e-02
-1.333333333333244254e-02
-1.333333333333251366e-02
-1.333333333333262642e-02
-1.333333333333264203e-02
-1.333333333333275306e-02
-1.333333333333275306e-02
-1.333333333333279816e-02
-1.333333333333287449e-02
-1.333333333333294041e-02
-1.333333333333297337e-02
-1.333333333333297510e-02
-1.333333333333297510e-02
-1.333333333333303235e-02
-1.333333333333316419e-02
-1.333333333333319368e-02
-1.333333333333319715e-02
-1.333333333333319715e-02
-1.333333333333321102e-02
-1.333333333333325786e-02
-1.333333333333330296e-02
-1.333333333333330470e-02
-1.333333333333330817e-02
-1.333333333333330990e-02
-1.333333333333331164e-02
-1.333333333333331337e-02
-1.333333333333331858e-02
-1.333333333333332552e-02
-1.333333333333332725e-02
-1.333333333333332898e-02
-1.333333333333333592e-02
-1.333333333333333766e-02
-1.333333333333333766e-02
-1.333333333333334113e-02
-1.333333333333334633e-02
-1.333333333333334633e-02
-1.333333333333334633e-02
-1.333333333333334980e-02
-1.333333333333335674e-02
-1.333333333333335848e-02
-1.333333333333337062e-02
-1.333333333333338276e-02
-1.333333333333338623e-02
-1.333333333333341052e-02
-1.333333333333341746e-02
-1.333333333333341746e-02
-1.333333333333341919e-02
-1.333333333333341919e-02
-1.333333333333341919e-02
-1.333333333333341919e-02
-1.333333333333341919e-02
-1.333333333333342613e-02
-1.333333333333347470e-02
-1.333333333333349205e-02
-1.333333333333350072e-02
-1.333333333333351807e-02
-1.333333333333354062e-02
-1.333333333333356491e-02
-1.333333333333358572e-02
-1.333333333333362909e-02
-1.333333333333367940e-02
-1.333333333333369675e-02
-1.333333333333381991e-02
-1.333333333333391359e-02
-1.333333333333394655e-02
-1.333333333333397430e-02
-1.333333333333400379e-02
-1.333333333333421196e-02
-1.333333333333426921e-02
-1.333333333333436288e-02
-1.333333333333440278e-02
-1.333333333333441839e-02
-1.333333333333441839e-02
-1.333333333333463697e-02
-1.333333333333464044e-02
-1.333333333333464911e-02
-1.333333333333506891e-02
-1.333333333333522851e-02
-1.333333333333641332e-02
-1.333333333333663884e-02
-1.333333333333732752e-02
-1.333333333333787570e-02
-1.333333333333788957e-02
-1.333333333333882285e-02
-1.333333333334007532e-02
-1.333333333335211777e-02
-1.333333333340269364e-02
-1.333333333349612237e-02
-1.333333333350122767e-02
-1.333333333354365727e-02
-1.333333333363122264e-02
-1.333333333382671730e-02
-1.333333333396002039e-02
-1.333333333431459961e-02
-1.333333333440647403e-02
-1.333333333444562327e-02
-1.333333333448835645e-02
-1.333333333450116912e-02
-1.333333333460125225e-02
-1.333333333481524427e-02
-1.333333333483736546e-02
-1.333333333499849178e-02
-1.333333333499868260e-02
-1.333333333519744549e-02
-1.333333333564139245e-02
-1.333333333609121665e-02
-1.333333333616275665e-02
-1.333333333622245889e-02
-1.333333333628535476e-02
-1.333333333668444351e-02
-1.333333333688777739e-02
-1.333333333715316232e-02
-1.333333333725712777e-02
-1.333333333725857626e-02
-1.333333333757121507e-02
-1.333333333757300877e-02
-1.333333333785304171e-02
-1.333333333849440541e-02
-1.333333333862616807e-02
-1.333333333872317901e-02
-1.333333333888568270e-02
-1.333333333905700226e-02
-1.333333333968411694e-02
-1.333333333985868910e-02
-1.333333334013826581e-02
-1.333333334034659222e-02
-1.333333334046860746e-02
-1.333333334069428285e-02
-1.333333334207981863e-02
-1.333333334209592727e-02
-1.333333334317682306e-02
-1.333333334657958030e-02
-1.333333334958636263e-02
-2.666666645636117314e-02
-2.666666647867689532e-02
-2.666666647901419843e-02
-2.666666648178126625e-02
-2.666666651228908128e-02
-2.666666651703208935e-02
-2.666666653594934600e-02
-2.666666656952860689e-02
-2.666666657352862249e-02
-2.666666657661235021e-02
-2.666666658535297649e-02
-2.666666658907080809e-02
-2.666666659273823209e-02
-2.666666660392086677e-02
-2.666666661607911687e-02
-2.666666662256237177e-02
-2.666666662257670059e-02
-2.666666662400114102e-02
-2.666666664255629496e-02
-2.666666664556108929e-02
-2.666666664910184031e-02
-2.666666665218940871e-02
-2.666666665242004366e-02
-2.666666665431502783e-02
-2.666666665565369659e-02
-2.666666665708145034e-02
-2.666666665758844409e-02
-2.666666665795039068e-02
-2.666666665814737200e-02
-2.666666665851356866e-02
-2.666666665970351957e-02
-2.666666665989676083e-02
-2.666666666015534565e-02
-2.666666666056697124e-02
-2.666666666074061012e-02
-2.666666666092934457e-02
-2.666666666153656370e-02
-2.666666666159129076e-02
-2.666666666178427875e-02
-2.666666666187297863e-02
-2.666666666235438174e-02
-2.666666666261344187e-02
-2.666666666273621519e-02
-2.666666666321571011e-02
-2.666666666391051890e-02
-2.666666666399639812e-02
-2.666666666401976832e-02
-2.666666666437868261e-02
-2.666666666451106282e-02
-2.666666666497388358e-02
-2.666666666498708482e-02
-2.666666666504002511e-02
-2.666666666505948871e-02
-2.666666666507064992e-02
-2.666666666518317103e-02
-2.666666666536612537e-02
-2.666666666553740503e-02
-2.666666666572158062e-02
-2.666666666578152919e-02
-2.666666666582818285e-02
-2.666666666588478687e-02
-2.666666666590384802e-02
-2.666666666597833704e-02
-2.666666666602485886e-02
-2.666666666620376436e-02
-2.666666666627718826e-02
-2.666666666651206635e-02
-2.666666666655461912e-02
-2.666666666666228994e-02
-2.666666666666462487e-02
-2.666666666666490937e-02
-2.666666666666548877e-02
-2.666666666666571775e-02
-2.666666666666588775e-02
-2.666666666666606123e-02
-2.666666666666606123e-02
-2.666666666666617225e-02
-2.666666666666624164e-02
-2.666666666666627633e-02
-2.666666666666628327e-02
-2.666666666666631449e-02
-2.666666666666639429e-02
-2.666666666666639429e-02
-2.666666666666643246e-02
-2.666666666666645674e-02
-2.666666666666650531e-02
-2.666666666666651225e-02
-2.666666666666651572e-02
-2.666666666666652960e-02
-2.666666666666653307e-02
-2.666666666666655736e-02
-2.666666666666659552e-02
-2.666666666666660593e-02
-2.666666666666660940e-02
-2.666666666666661981e-02
-2.666666666666664409e-02
-2.666666666666665103e-02
-2.666666666666665450e-02
-2.666666666666665450e-02
-2.666666666666666144e-02
-2.666666666666666491e-02
-2.666666666666666491e-02
-2.666666666666666491e-02
-2.666666666666666491e-02
-2.666666666666666838e-02
-2.666666666666666838e-02
-2.666666666666666838e-02
-2.666666666666666838e-02
-2.666666666666667185e-02
-2.666666666666667185e-02
-2.666666666666667185e-02
-2.666666666666667185e-02
-2.666666666666667185e-02
-2.666666666666667532e-02
-2.666666666666667532e-02
-2.666666666666667532e-02
-2.666666666666667532e-02
-2.666666666666668226e-02
-2.666666666666668226e-02
-2.666666666666668573e-02
-2.666666666666668919e-02
-2.666666666666668919e-02
-2.666666666666668919e-02
-2.666666666666668919e-02
-2.666666666666669266e-02
-2.666666666666669266e-02
-2.666666666666669960e-02
-2.666666666666670654e-02
-2.666666666666671001e-02
-2.666666666666671001e-02
-2.666666666666671348e-02
-2.666666666666672042e-02
-2.666666666666672736e-02
-2.666666666666673777e-02
-2.666666666666674471e-02
-2.666666666666675858e-02
-2.666666666666676205e-02
-2.666666666666678287e-02
-2.666666666666678981e-02
-2.666666666666678981e-02
-2.666666666666679675e-02
-2.666666666666683838e-02
-2.666666666666683838e-02
-2.666666666666686614e-02
-2.666666666666689042e-02
-2.666666666666689736e-02
-2.666666666666691471e-02
-2.666666666666693900e-02
-2.666666666666695287e-02
-2.666666666666705696e-02
-2.666666666666706043e-02
-2.666666666666706043e-02
-2.666666666666706390e-02
-2.666666666666707430e-02
-2.666666666666716451e-02
-2.666666666666717145e-02
-2.666666666666718880e-02
-2.666666666666722002e-02
-2.666666666666724084e-02
-2.666666666666735880e-02
-2.666666666666759125e-02
-2.666666666666779595e-02
-2.666666666666781677e-02
-2.666666666666786534e-02
-2.666666666666796595e-02
-2.666666666666803881e-02
-2.666666666666828167e-02
-2.666666666666828514e-02
-2.666666666666828861e-02
-2.666666666666871882e-02
-2.666666666666890617e-02
-2.666666666666952720e-02
-2.666666666666965210e-02
-2.666666666666982904e-02
-2.666666666667141111e-02
-2.666666666687069961e-02
-2.666666666699578359e-02
-2.666666666708256833e-02
-2.666666666713002343e-02
-2.666666666714544859e-02
-2.666666666726912743e-02
-2.666666666752019743e-02
-2.666666666759061680e-02
-2.666666666771864286e-02
-2.666666666784263742e-02
-2.666666666799666352e-02
-2.666666666815463091e-02
-2.666666666822267370e-02
-2.666666666826424115e-02
-2.666666666834897198e-02
-2.666666666839888344e-02
-2.666666666860699822e-02
-2.666666666862005722e-02
-2.666666666871512700e-02
-2.666666666909913580e-02
-2.666666666912585054e-02
-2.666666666949417397e-02
-2.666666666997150742e-02
-2.666666667080594411e-02
-2.666666667111406222e-02
-2.666666667125868612e-02
-2.666666667182577416e-02
-2.666666667221785289e-02
-2.666666667274331798e-02
-2.666666667334803217e-02
-2.666666667350128805e-02
-2.666666667356967085e-02
-2.666666667381396502e-02
-2.666666667416313363e-02
-2.666666667419930262e-02
-2.666666667492947548e-02
-2.666666667527195153e-02
-2.666666667532511040e-02
-2.666666667533265297e-02
-2.666666667614661645e-02
-2.666666667638338886e-02
-2.666666667665654883e-02
-2.666666667686823367e-02
-2.666666667744605618e-02
-2.666666667787098710e-02
-2.666666667831383425e-02
-2.666666667932428986e-02
-2.666666667934775373e-02
-2.666666668325922557e-02
-2.666666670558762511e-02
-2.666666670688920202e-02
-2.666666670912791123e-02
-2.666666671643633246e-02
-2.666666673715212266e-02
-2.666666676414484322e-02
-2.666666677748540104e-02
-2.666666679474585452e-02
-2.666666679724901887e-02
-2.666666681376425249e-02
-2.666666681677145462e-02
-2.666666683101614685e-02
-2.666666683726112361e-02
-2.666666685337911596e-02
-2.666666688089416176e-02
-2.666666698033405905e-02
-3.999999888859229191e-02
-3.999999972831532608e-02
-3.999999972959092376e-02
-3.999999975753856796e-02
-3.999999976207602864e-02
-3.999999985050563950e-02
-3.999999988103432325e-02
-3.999999988881237228e-02
-3.999999989332376354e-02
-3.999999992683218875e-02
-3.999999998020063730e-02
-3.999999998451932853e-02
-3.999999998868394857e-02
-3.999999998901286602e-02
-3.999999999149662228e-02
-3.999999999243776527e-02
-3.999999999347531726e-02
-3.999999999362163078e-02
-3.999999999366846831e-02
-3.999999999371870590e-02
-3.999999999548231600e-02
-3.999999999561911629e-02
-3.999999999562540293e-02
-3.999999999598844586e-02
-3.999999999614969881e-02
-3.999999999634842179e-02
-3.999999999717330362e-02
-3.999999999719121985e-02
-3.999999999729594163e-02
-3.999999999752930357e-02
-3.999999999754871166e-02
-3.999999999757110347e-02
-3.999999999777349713e-02
-3.999999999803825756e-02
-3.999999999804943612e-02
-3.999999999819033730e-02
-3.999999999827875269e-02
-3.999999999836719583e-02
-3.999999999850875620e-02
-3.999999999887862007e-02
-3.999999999899265385e-02
-3.999999999904087916e-02
-3.999999999911847681e-02
-3.999999999930523714e-02
-3.999999999960466429e-02
-3.999999999987235294e-02
-3.999999999988440580e-02
-3.999999999990914296e-02
-3.999999999993312377e-02
-3.999999999999586525e-02
-3.999999999999759304e-02
-3.999999999999763467e-02
-3.999999999999831468e-02
-3.999999999999892530e-02
-3.999999999999892530e-02
-3.999999999999892530e-02
-3.999999999999896694e-02
-3.999999999999911959e-02
-3.999999999999923755e-02
-3.999999999999931388e-02
-3.999999999999939715e-02
-3.999999999999939715e-02
-3.999999999999948042e-02
-3.999999999999951511e-02
-3.999999999999959838e-02
-3.999999999999962613e-02
-3.999999999999963307e-02
-3.999999999999970246e-02
-3.999999999999973022e-02
-3.999999999999979267e-02
-3.999999999999981348e-02
-3.999999999999984818e-02
-3.999999999999985512e-02
-3.999999999999992450e-02
-3.999999999999992450e-02
-3.999999999999992450e-02
-3.999999999999994532e-02
-3.999999999999998002e-02
-3.999999999999998002e-02
-4.000000000000003553e-02
-4.000000000000007022e-02
-4.000000000000007022e-02
-4.000000000000007716e-02
-4.000000000000008410e-02
-4.000000000000014655e-02
-4.000000000000014655e-02
-4.000000000000016043e-02
-4.000000000000016043e-02
-4.000000000000017431e-02
-4.000000000000020206e-02
-4.000000000000020900e-02
-4.000000000000032002e-02
-4.000000000000046574e-02
-4.000000000000047962e-02
-4.000000000000052125e-02
-4.000000000000052819e-02
-4.000000000000054901e-02
-4.000000000000070166e-02
-4.000000000000072942e-02
-4.000000000000072942e-02
-4.000000000000075717e-02
-4.000000000000077105e-02
-4.000000000000081962e-02
-4.000000000000086126e-02
-4.000000000000088207e-02
-4.000000000000093064e-02
-4.000000000000113187e-02
-4.000000000000203393e-02
-4.000000000000213107e-02
-4.000000000000314415e-02
-4.000000000000314415e-02
-4.000000000006730116e-02
-4.000000000009135831e-02
-4.000000000011764978e-02
-4.000000000012796791e-02
-4.000000000039038994e-02
-4.000000000069476452e-02
-4.000000000088075464e-02
-4.000000000095922659e-02
-4.000000000100982500e-02
-4.000000000112155507e-02
-4.000000000149157159e-02
-4.000000000163201480e-02
-4.000000000172945769e-02
-4.000000000181026805e-02
-4.000000000194992023e-02
-4.000000000196206329e-02
-4.000000000222635882e-02
-4.000000000242893289e-02
-4.000000000243035536e-02
-4.000000000270387268e-02
-4.000000000280886508e-02
-4.000000000282738499e-02
-4.000000000365088598e-02
-4.000000000384981019e-02
-4.000000000401127132e-02
-4.000000000435249836e-02
-4.000000000438024700e-02
-4.000000000450882470e-02
-4.000000000628456398e-02
-4.000000000633076314e-02
-4.000000000638601755e-02
-4.000000000651831450e-02
-4.000000000756340907e-02
-4.000000000849873727e-02
-4.000000001098802382e-02
-4.000000001129513927e-02
-4.000000001426515933e-02
-4.000000001547952128e-02
-4.000000001974900882e-02
-4.000000004970238193e-02
-4.000000009245190807e-02
-4.000000010799761863e-02
-4.000000011370348496e-02
-4.000000016240995437e-02
-4.000000018824518416e-02
-4.000000026845582785e-02
-4.000000027870632274e-02
-4.000000031562363917e-02
-4.000000110438702711e-02
-5.333333304726269736e-02
-5.333333310876627043e-02
-5.333333323819183097e-02
-5.333333331816615674e-02
-5.333333331952461176e-02
-5.333333332022258816e-02
-5.333333332283304168e-02
-5.333333332297027218e-02
-5.333333332499572838e-02
-5.333333332689751266e-02
-5.333333332952056721e-02
-5.333333332975268709e-02
-5.333333333113401964e-02
-5.333333333253240799e-02
-5.333333333275520893e-02
-5.333333333333133142e-02
-5.333333333333201143e-02
-5.333333333333213633e-02
-5.333333333333219878e-02
-5.333333333333249715e-02
-5.333333333333273307e-02
-5.333333333333311471e-02
-5.333333333333312165e-02
-5.333333333333314941e-02
-5.333333333333317022e-02
-5.333333333333323267e-02
-5.333333333333323267e-02
-5.333333333333328125e-02
-5.333333333333332288e-02
-5.333333333333340615e-02
-5.333333333333343390e-02
-5.333333333333346860e-02
-5.333333333333351023e-02
-5.333333333333364207e-02
-5.333333333333365595e-02
-5.333333333333393350e-02
-5.333333333333394044e-02
-5.333333333333400289e-02
-5.333333333333445392e-02
-5.333333333333542536e-02
-5.333333333333608456e-02
-5.333333333334078219e-02
-5.333333333390982700e-02
-5.333333333413432104e-02
-5.333333333553161998e-02
-5.333333333691488848e-02
-5.333333333714657815e-02
-5.333333333977254703e-02
-5.333333334167186107e-02
-5.333333334369444456e-02
-5.333333334383532492e-02
-5.333333334644341228e-02
-5.333333334660670527e-02
-5.333333334714022989e-02
-5.333333334850110657e-02
-5.333333334931374820e-02
-5.333333336790543194e-02
-5.333333341520263976e-02
-5.333333352332793320e-02
-5.333333360342207979e-02
-6.666666665644109535e-02
-6.666666665916774759e-02
-6.666666666345051617e-02
-6.666666666666587471e-02
-6.666666666666601349e-02
-6.666666666666726249e-02
-6.666666666666777596e-02
-6.666666666666828944e-02
-6.666666666666858088e-02
-6.666666666988355083e-02
-6.666666667416507042e-02
-6.666666667689141734e-02
-7.999999999999903022e-02
