1.592135347023939919e-15
-6.661595183770553652e-03
-6.661595183772216384e-03
-6.661595183773075073e-03
-6.664972753256851769e-03
-6.664972753257324481e-03
-6.664972753259940444e-03
-6.668350314760727870e-03
-6.668350314761946514e-03
-6.668350314763504295e-03
-6.671727885617135742e-03
-6.671727885617362991e-03
-6.671727885620204468e-03
-1.332319036754486992e-02
-1.332319036754604433e-02
-1.332319036754647801e-02
-1.332656793702755027e-02
-1.332656793702846620e-02
-1.332656793702935265e-02
-1.332656793702953653e-02
-1.332656793703088267e-02
-1.332656793703210045e-02
-1.332749102104212845e-02
-1.332749102104280152e-02
-1.332749102104345551e-02
-1.332994549853245073e-02
-1.332994549853291043e-02
-1.332994549853293818e-02
-1.332994549853328166e-02
-1.332994549853333890e-02
-1.332994549853356962e-02
-1.332994550651683818e-02
-1.332994550651822596e-02
-1.332994550651928588e-02
-1.332995833348982022e-02
-1.332995833349048809e-02
-1.332995833349215516e-02
-1.333332306801804194e-02
-1.333332306801885379e-02
-1.333332306801893186e-02
-1.333332306801900645e-02
-1.333332306801939329e-02
-1.333332306801980789e-02
-1.333332306938796001e-02
-1.333332306938897309e-02
-1.333332306938908411e-02
-1.333332306938939983e-02
-1.333332306938963749e-02
-1.333332306938972596e-02
-1.333670062951908264e-02
-1.333670062952061960e-02
-1.333670062952383578e-02
-1.333670063887475339e-02
-1.333670063887489737e-02
-1.333670063887518013e-02
-1.333670063887541085e-02
-1.333670063887554616e-02
-1.333670063887592259e-02
-1.333671346516634645e-02
-1.333671346517063643e-02
-1.333671346517165818e-02
-1.333919104288922540e-02
-1.333919104288980306e-02
-1.333919104289055246e-02
-1.334007820037621216e-02
-1.334007820037743861e-02
-1.334007820037836321e-02
-1.334007820037874659e-02
-1.334007820037971803e-02
-1.334007820038161062e-02
-1.334345577123152715e-02
-1.334345577123338851e-02
-1.334345577123599580e-02
-1.998478555131347201e-02
-1.998816312080377647e-02
-1.998816312080409219e-02
-1.998816312080424831e-02
-1.998908620481433876e-02
-1.998908620481449835e-02
-1.998908620481454346e-02
-1.998908620481479673e-02
-1.998908620481483489e-02
-1.998908620481590695e-02
-1.999154068230451012e-02
-1.999154068230567932e-02
-1.999154068230641831e-02
-1.999154069028752367e-02
-1.999154069028765551e-02
-1.999154069028766592e-02
-1.999155351726138521e-02
-1.999155351726149277e-02
-1.999155351726279034e-02
-1.999155351726300198e-02
-1.999155351726305055e-02
-1.999155351726309218e-02
-1.999246377430043478e-02
-1.999246377430098642e-02
-1.999246377430119806e-02
-1.999246377430152766e-02
-1.999246377430169766e-02
-1.999246377430251992e-02
-1.999491825179068941e-02
-1.999491825179093227e-02
-1.999491825179142146e-02
-1.999491825179161575e-02
-1.999491825179193841e-02
-1.999491825179205984e-02
-1.999491825315963950e-02
-1.999491825316014951e-02
-1.999491825316167953e-02
-1.999491825977293621e-02
-1.999493108674804676e-02
-1.999493108674833125e-02
-1.999493108674845615e-02
-1.999493108674894534e-02
-1.999493108674914657e-02
-1.999493108674927147e-02
-1.999584133580397521e-02
-1.999584133580400644e-02
-1.999584133580405501e-02
-1.999584133580414175e-02
-1.999584133580482523e-02
-1.999584133580500911e-02
-1.999829581329367126e-02
-1.999829581329525680e-02
-1.999829581329584313e-02
-1.999829582127576541e-02
-1.999829582127700053e-02
-1.999829582127790606e-02
-1.999829582264675901e-02
-1.999829582264713718e-02
-1.999829582264787964e-02
-1.999829582264796637e-02
-1.999829582264822311e-02
-1.999829582264855271e-02
-1.999830864824663976e-02
-1.999830864825011267e-02
-1.999830864825185434e-02
-1.999830864825242679e-02
-1.999830864825369314e-02
-1.999830864825459520e-02
-1.999830864893800686e-02
-1.999830864893850646e-02
-1.999830864893967219e-02
-1.999830864894081017e-02
-1.999830864894114324e-02
-1.999830864894407145e-02
-1.999921890665977073e-02
-1.999921890666006216e-02
-1.999921890666067625e-02
-1.999921890666069013e-02
-1.999921890666083585e-02
-1.999921890666093299e-02
-2.000078622666158490e-02
-2.000078622666170980e-02
-2.000078622666201511e-02
-2.000078622666212960e-02
-2.000078622666214001e-02
-2.000078622666239328e-02
-2.000167338277899359e-02
-2.000167338277931625e-02
-2.000167338278062423e-02
-2.000167338415031679e-02
-2.000167338415043128e-02
-2.000167338415050067e-02
-2.000167338415088231e-02
-2.000167338415093088e-02
-2.000167338415093782e-02
-2.000167339213234155e-02
-2.000167339213318810e-02
-2.000167339213386117e-02
-2.000168621842329103e-02
-2.000168621842352348e-02
-2.000168621842503616e-02
-2.000168621842528596e-02
-2.000168621842539352e-02
-2.000168621842829050e-02
-2.000168621910181424e-02
-2.000168621910580757e-02
-2.000168621910724392e-02
-2.000168621910852762e-02
-2.000168621910924580e-02
-2.000168621910976968e-02
-2.000416379614734438e-02
-2.000416379614753173e-02
-2.000416379614766704e-02
-2.000416379614788909e-02
-2.000416379614818052e-02
-2.000416379614892645e-02
-2.000505094428573979e-02
-2.000505095363570157e-02
-2.000505095363622199e-02
-2.000505095363686731e-02
-2.000505095363702690e-02
-2.000505095363713792e-02
-2.000505095363724894e-02
-2.000505095500459962e-02
-2.000505095500527269e-02
-2.000505095500685823e-02
-2.000506377992872231e-02
-2.000506377992877782e-02
-2.000506377992888885e-02
-2.000506377992919416e-02
-2.000506377992923926e-02
-2.000506377993029397e-02
-2.000754135764984051e-02
-2.000754135765065583e-02
-2.000754135765102359e-02
-2.000754135765137054e-02
-2.000754135765159952e-02
-2.000754135765173136e-02
-2.000842851513821505e-02
-2.000842851514046672e-02
-2.000842851514071652e-02
-2.000842852449258302e-02
-2.000842852449260384e-02
-2.000842852449278078e-02
-2.000844135078329311e-02
-2.000844135078387251e-02
-2.000844135078479885e-02
-2.000844135078496192e-02
-2.000844135078533315e-02
-2.000844135078544070e-02
-2.001091892850602114e-02
-2.001091892850629175e-02
-2.001091892850670809e-02
-2.001091892850724585e-02
-2.001091892850725973e-02
-2.001091892850769341e-02
-2.001180608599215788e-02
-2.001180608599473221e-02
-2.001180608599655367e-02
-2.001518365685384104e-02
-2.665068138858472588e-02
-2.665068138858578406e-02
-2.665068138858792124e-02
-2.665314870103447156e-02
-2.665314870103464850e-02
-2.665314870103466585e-02
-2.665405895807153314e-02
-2.665405895807237968e-02
-2.665405895807346562e-02
-2.665405895807398950e-02
-2.665405895807559933e-02
-2.665405895807627240e-02
-2.665498204208603325e-02
-2.665498204208629346e-02
-2.665498204208642183e-02
-2.665652627052066820e-02
-2.665652627052074800e-02
-2.665652627052079657e-02
-2.665652627052086596e-02
-2.665652627052087983e-02
-2.665652627052098739e-02
-2.665743651957635033e-02
-2.665743651957643706e-02
-2.665743651957645094e-02
-2.665743651957647870e-02
-2.665743651957656196e-02
-2.665743651957668686e-02
-2.665743652755667853e-02
-2.665743652756284027e-02
-2.665743652756324966e-02
-2.665744935453206663e-02
-2.665744935453218112e-02
-2.665744935453323583e-02
-2.665744935453383951e-02
-2.665744935453395748e-02
-2.665744935453416564e-02
-2.665990383202146083e-02
-2.665990383202180777e-02
-2.665990383202321637e-02
-2.665990383202393801e-02
-2.665990383202453476e-02
-2.665990383202615846e-02
-2.665990383270745029e-02
-2.665990383271424000e-02
-2.665990383272140787e-02
-2.665990384000686136e-02
-2.665990384000692381e-02
-2.665990384000708341e-02
-2.665991666698068474e-02
-2.665991666698133006e-02
-2.665991666698398765e-02
-2.666081408906245329e-02
-2.666081408906251574e-02
-2.666081408906253655e-02
-2.666081408906258859e-02
-2.666081408906278635e-02
-2.666081408906307432e-02
-2.666081409043237135e-02
-2.666081409043243727e-02
-2.666081409043247891e-02
-2.666081409043255177e-02
-2.666081409043264197e-02
-2.666081409043264544e-02
-2.666238141043045587e-02
-2.666238141043343959e-02
-2.666238141043576759e-02
-2.666328140150693929e-02
-2.666328140150794890e-02
-2.666328140150886483e-02
-2.666328140151042955e-02
-2.666328140151058221e-02
-2.666328140151334736e-02
-2.666328140219099627e-02
-2.666328140219688045e-02
-2.666328140219808088e-02
-2.666328140219861864e-02
-2.666328140219954498e-02
-2.666328140220085990e-02
-2.666328140287553550e-02
-2.666328140287861637e-02
-2.666328140287893902e-02
-2.666328140287928944e-02
-2.666328140288034415e-02
-2.666328140288076742e-02
-2.666419165056441165e-02
-2.666419165056446369e-02
-2.666419165056557739e-02
-2.666419165991823145e-02
-2.666419165991846044e-02
-2.666419165991860268e-02
-2.666419165991862697e-02
-2.666419165991867207e-02
-2.666419165991871024e-02
-2.666420448620976380e-02
-2.666420448621044381e-02
-2.666420448621073178e-02
-2.666420448621166159e-02
-2.666420448621309447e-02
-2.666420448621356631e-02
-2.666575897991768987e-02
-2.666575897991982011e-02
-2.666575897992015318e-02
-2.666575897992055563e-02
-2.666575897992081237e-02
-2.666575897992129462e-02
-2.666665896300822458e-02
-2.666665896300860969e-02
-2.666665896301194383e-02
-2.666665896370043823e-02
-2.666665896370108355e-02
-2.666665896370211050e-02
-2.666665896370218336e-02
-2.666665896370233602e-02
-2.666665896370257194e-02
-2.666665897168180380e-02
-2.666665897168647020e-02
-2.666665897169250010e-02
-2.666665897236370625e-02
-2.666665897236608282e-02
-2.666665897236689467e-02
-2.666665897236725896e-02
-2.666665897236741856e-02
-2.666665897236828245e-02
-2.666667179865838191e-02
-2.666667179865843743e-02
-2.666667179865847559e-02
-2.666667179865848253e-02
-2.666667179865854151e-02
-2.666667179865854498e-02
-2.666668206393284918e-02
-2.666668206393292898e-02
-2.666668206393293244e-02
-2.666668206393293244e-02
-2.666668206393297755e-02
-2.666668206393311286e-02
-2.666756922142056799e-02
-2.666756922142185862e-02
-2.666756922142236863e-02
-2.666756922142262190e-02
-2.666756922142266006e-02
-2.666756922142273639e-02
-2.666913654142296849e-02
-2.666913654142298584e-02
-2.666913654142298931e-02
-2.666913654142308299e-02
-2.666913654142318013e-02
-2.666913654142318360e-02
-2.666913654940161055e-02
-2.666913654940551714e-02
-2.666913654940872291e-02
-2.666914937637889990e-02
-2.666914937637929195e-02
-2.666914937637956950e-02
-2.666914937637976379e-02
-2.666914937638083932e-02
-2.666914937638087402e-02
-2.667003653318655507e-02
-2.667003653318802611e-02
-2.667003653318806775e-02
-2.667003653318877204e-02
-2.667003653318973655e-02
-2.667003653319111739e-02
-2.667003653386412071e-02
-2.667003653386687892e-02
-2.667003653386901263e-02
-2.667003653387134063e-02
-2.667003653387167716e-02
-2.667003653387344311e-02
-2.667003653455497780e-02
-2.667003653455513046e-02
-2.667003653455602558e-02
-2.667003653455692069e-02
-2.667003653455770826e-02
-2.667003653455803439e-02
-2.667094679227285936e-02
-2.667094679227535042e-02
-2.667094679227959009e-02
-2.667251411090874880e-02
-2.667251411090902288e-02
-2.667251411090908186e-02
-2.667251411090911309e-02
-2.667251411090917554e-02
-2.667251411090957453e-02
-2.667251411227888891e-02
-2.667251411227889932e-02
-2.667251411227893748e-02
-2.667251411227909361e-02
-2.667251411227916993e-02
-2.667251411227929830e-02
-2.667341409468993244e-02
-2.667341409469047714e-02
-2.667341409469049449e-02
-2.667341410404206609e-02
-2.667341410404290569e-02
-2.667341410404298896e-02
-2.667341410404392918e-02
-2.667341410404567431e-02
-2.667341410404588942e-02
-2.667341410471931254e-02
-2.667341410472653246e-02
-2.667341410472737900e-02
-2.667342693032655546e-02
-2.667342693033480927e-02
-2.667342693034302145e-02
-2.667589167241106451e-02
-2.667589167241122411e-02
-2.667589167241392334e-02
-2.667589168176504738e-02
-2.667589168176510289e-02
-2.667589168176512371e-02
-2.667589168176513065e-02
-2.667589168176513759e-02
-2.667589168176514799e-02
-2.667590450805568114e-02
-2.667590450805576094e-02
-2.667590450805838037e-02
-2.667590450805867874e-02
-2.667590450805969876e-02
-2.667590450806177696e-02
-2.667679166554579040e-02
-2.667679166554612347e-02
-2.667679166554625184e-02
-2.667679166554627265e-02
-2.667679166554631429e-02
-2.667679166554634898e-02
-2.667838208577939102e-02
-2.667838208577970327e-02
-2.667838208577980388e-02
-2.667926924326548613e-02
-2.667926924326679064e-02
-2.667926924326827556e-02
-2.667926924326963212e-02
-2.667926924327186991e-02
-2.667926924327196705e-02
-2.668016923640150612e-02
-2.668016923640241164e-02
-2.668016923640241511e-02
-2.668264681412193737e-02
-2.668264681412383862e-02
-2.668264681412435904e-02
-3.331657722585805448e-02
-3.331657722585849163e-02
-3.331657722585887327e-02
-3.331904453830474011e-02
-3.331904453830617646e-02
-3.331904453830625279e-02
-3.331904453830669688e-02
-3.331904453830697443e-02
-3.331904453830698137e-02
-3.331995479534459459e-02
-3.331995479534475418e-02
-3.331995479534494847e-02
-3.332151185074637423e-02
-3.332151185074944122e-02
-3.332151185075690747e-02
-3.332242210779174513e-02
-3.332242210779197411e-02
-3.332242210779229330e-02
-3.332242210779246677e-02
-3.332242210779282066e-02
-3.332242210779304270e-02
-3.332333235684769440e-02
-3.332333235684804135e-02
-3.332333235684807604e-02
-3.332488942023812545e-02
-3.332488942024047773e-02
-3.332488942024885298e-02
-3.332579966929023751e-02
-3.332579966929237469e-02
-3.332579966929412330e-02
-3.332579966929637150e-02
-3.332579966929793275e-02
-3.332579966930091647e-02
-3.332579966998003296e-02
-3.332579966998192728e-02
-3.332579966998364118e-02
-3.332579966998450161e-02
-3.332579966998602816e-02
-3.332579966998672205e-02
-3.332670992770295909e-02
-3.332670992770393054e-02
-3.332670992770458973e-02
-3.332826698173096958e-02
-3.332826698173413371e-02
-3.332826698173940727e-02
-3.332826698243029906e-02
-3.332826698243033375e-02
-3.332826698243059743e-02
-3.332826698243074315e-02
-3.332826698243078478e-02
-3.332826698243124275e-02
-3.332827724770424938e-02
-3.332827724770495020e-02
-3.332827724770511674e-02
-3.332827724770544980e-02
-3.332827724770558164e-02
-3.332827724770594940e-02
-3.332917723946682287e-02
-3.332917723946739186e-02
-3.332917723947033395e-02
-3.332917723947122213e-02
-3.332917723947398381e-02
-3.332917723947903532e-02
-3.332917724014754224e-02
-3.332917724014811123e-02
-3.332917724014872185e-02
-3.332917724014952676e-02
-3.332917724015039412e-02
-3.332917724015271171e-02
-3.333074456015161502e-02
-3.333074456015211462e-02
-3.333074456015283626e-02
-3.333074456015286402e-02
-3.333074456015315545e-02
-3.333074456015357873e-02
-3.333164455191581915e-02
-3.333164455191634651e-02
-3.333164455191639508e-02
-3.333164455191650610e-02
-3.333164455191679754e-02
-3.333164455191764408e-02
-3.333164455258962044e-02
-3.333164455259114006e-02
-3.333164455259742670e-02
-3.333165481719023437e-02
-3.333165481719038703e-02
-3.333165481719083112e-02
-3.333165481719107398e-02
-3.333165481719153889e-02
-3.333165481719161521e-02
-3.333255480097162271e-02
-3.333255480097182394e-02
-3.333255480097192108e-02
-3.333255480097194190e-02
-3.333255480097224027e-02
-3.333255480097240681e-02
-3.333412212963755838e-02
-3.333412212963865473e-02
-3.333412212963869636e-02
-3.333412212963872412e-02
-3.333412212963884208e-02
-3.333412212963926535e-02
-3.333502211341891897e-02
-3.333502211341952265e-02
-3.333502211341980714e-02
-3.333502211341989735e-02
-3.333502211342000837e-02
-3.333502211342001531e-02
-3.333502211410177551e-02
-3.333502211410754867e-02
-3.333502211411359245e-02
-3.333503237869411828e-02
-3.333503237869413910e-02
-3.333503237869422930e-02
-3.333503237869459707e-02
-3.333503237869469421e-02
-3.333503237869477748e-02
-3.333593237182763680e-02
-3.333593237182830293e-02
-3.333593237182833069e-02
-3.333593237182841396e-02
-3.333593237182855967e-02
-3.333593237182862212e-02
-3.333749969113861122e-02
-3.333749969113970757e-02
-3.333749969114052636e-02
-3.333749969114083167e-02
-3.333749969114152556e-02
-3.333749969114416234e-02
-3.333749969182518702e-02
-3.333749969183130712e-02
-3.333749969183319450e-02
-3.333749969183341655e-02
-3.333749969183345818e-02
-3.333749969183430473e-02
-3.333839968359306183e-02
-3.333839968359314510e-02
-3.333839968359431083e-02
-3.333839968427518285e-02
-3.333839968427547429e-02
-3.333839968427556449e-02
-3.333839968427587674e-02
-3.333839968427626532e-02
-3.333839968427627226e-02
-3.333840994955009074e-02
-3.333840994955017401e-02
-3.333840994955027115e-02
-3.333840994955031278e-02
-3.333840994955039605e-02
-3.333840994955084708e-02
-3.333997726955094387e-02
-3.333997726955196389e-02
-3.333997726955229696e-02
-3.334087726131399615e-02
-3.334087726131444024e-02
-3.334087726131827051e-02
-3.334087726131848561e-02
-3.334087726131857582e-02
-3.334087726131951257e-02
-3.334087726199538859e-02
-3.334087726199588819e-02
-3.334087726199662371e-02
-3.334087726199829599e-02
-3.334087726199845558e-02
-3.334087726200223728e-02
-3.334177724509396895e-02
-3.334177724509717472e-02
-3.334177724509722329e-02
-3.334335483903735214e-02
-3.334335483903787950e-02
-3.334335483903808073e-02
-3.334425482281791475e-02
-3.334425482281862252e-02
-3.334425482281877517e-02
-3.334425482281909436e-02
-3.334425482281910824e-02
-3.334425482281998254e-02
-3.334515481595032999e-02
-3.334515481595305697e-02
-3.334515481595422270e-02
-3.334673240054089605e-02
-3.334673240054100013e-02
-3.334673240054167320e-02
-3.334763239367360271e-02
-3.334763239367382476e-02
-3.334763239367392884e-02
-3.334763239367531662e-02
-3.334763239367533744e-02
-3.334763239367574683e-02
-3.335010997139641747e-02
-3.335010997139772199e-02
-3.335010997139777056e-02
-3.998247306312895100e-02
-3.998494037557345088e-02
-3.998494037557706604e-02
-3.998494037557723951e-02
-3.998740768801735401e-02
-3.998740768802433454e-02
-3.998740768802537537e-02
-3.998987500046657928e-02
-3.999169550725149153e-02
-3.999169550725257399e-02
-3.999169550725491934e-02
-3.999416281970102904e-02
-3.999416281970143150e-02
-3.999416281970190334e-02
-3.999416281970191028e-02
-3.999416281970204906e-02
-3.999416281970206294e-02
-3.999417308497611040e-02
-3.999417308497633938e-02
-3.999417308497635326e-02
-3.999663013214847102e-02
-3.999663013215174617e-02
-3.999663013215434132e-02
-3.999664039742173438e-02
-3.999664039742250460e-02
-3.999664039742256705e-02
-3.999664039742330257e-02
-3.999664039742354543e-02
-3.999664039742475974e-02
-3.999910770985981578e-02
-3.999910770986866287e-02
-3.999910770987069597e-02
-4.000091795136750950e-02
-4.000091795137419859e-02
-4.000091795138004808e-02
-4.000338526382465898e-02
-4.000338526382599819e-02
-4.000338526382837129e-02
-4.000339552909694396e-02
-4.000339552909830398e-02
-4.000339552909938645e-02
-4.000339552910250202e-02
-4.000339552910315427e-02
-4.000339552910467389e-02
-4.000586284154754313e-02
-4.000586284154804967e-02
-4.000586284154857009e-02
-4.000586284154859090e-02
-4.000586284154866029e-02
-4.000586284154869499e-02
-4.000587310682283959e-02
-4.000587310682295061e-02
-4.000587310682300612e-02
-4.000834041926622231e-02
-4.000834041926749213e-02
-4.000834041927026768e-02
-4.001014039550554457e-02
-4.001261797322278740e-02
-4.001261797322325925e-02
-4.001261797322859526e-02
-4.001509555094515808e-02
-4.001509555094629605e-02
-4.001509555094917570e-02
-4.001757312866806304e-02
