0.24999999999999994
0.25266771022155027
0.25823832848942896
0.2648751907993964
0.27189220543449144
0.27903102434122573
0.28619325121797157
0.2933404557226588
0.300456754085992
0.30753479829398395
0.31457052838121446
0.32156120482396944
0.32850466786352234
0.33539905544382376
0.34224269293813553
0.34903404703092433
0.3557717039146198
0.36245435662894243
0.3690807963389133
0.3756499050769589
0.3821606489754233
0.388612072499532
0.3950032931054292
0.4013334954121702
0.4076019264185212
0.4138078912744884
0.4199507478894794
0.42602990331307006
0.4320448099646746
0.4379949607619577
0.44387988681227125
0.4496991531823559
0.45545235558276087
0.4611391182652321
0.46675908957776124
0.4723119407167726
0.47779736210745355
0.4832150610780388
0.4885647601569492
0.49384619344245434
0.4990591061847782
0.5042032509771082
0.5092783872603976
0.5142842784786652
0.5192206906739806
0.5240873909724684
0.5288841452139451
0.5336107175379945
0.5382668673870278
0.5428523497437526
0.5473669119281159
0.5518102940704053
0.5561822260111149
0.5604824277654323
0.5647106066386752
0.5688664576281842
0.5729496607207716
0.5769598812743858
0.5808967674224822
0.584759950474609
0.5885490424042856
0.5922636362028284
0.5959033035914987
0.5994675950698202
0.6029560381701234
0.6063681368520064
0.6097033705387359
0.612961192839756
0.616141030982235
0.6192422847013301
0.6222643250857054
0.6252064937214965
0.6280681024743161
0.6308484310300408
0.6335467270823804
0.6361622056186935
0.6386940464776979
0.6411413953662376
0.6435033611134879
0.6457790156942727
0.6479673933365695
0.6500674885214957
0.6520782566065448
0.6539986109902545
0.6558274238728132
0.6575635238066341
0.6592056957376586
0.6607526793373018
0.6622031683149618
0.6635558093445522
0.6648092009247561
0.6659618926075811
0.6670123836895577
0.6679591225229835
0.6688005052226644
0.6695348749365267
0.6701605206715378
0.6706756764799469
0.6710785204431039
0.6713671737919247
0.6715397000354631
0.6715941040920465
0.6715283315032152
0.6713402676969221
0.6710277372106516
0.6705885032026075
0.6700202666709261
0.6693206662180633
0.6684872774299986
0.6675176127215662
0.6664091211897161
0.6651591883309396
0.6637651365874371
0.6622242250204471
0.6605336503205922
0.6586905470735791
0.6566919886313979
0.6545349886083514
0.6522165015225272
0.6497334252273064
0.6470826023983267
0.6442608228356762
0.6412648267834363
0.6380913071694252
0.6347369139558029
0.6311982581571103
0.6274719159223757
0.6235544347618426
0.619442338830394
0.6151321355336505
0.6106203237623058
0.6059034012557207
0.6009778741772308
0.5958402679021997
0.5904871373107519
0.5849150798125429
0.5791207495374491
0.5731008714287518
0.5668522583757394
0.5603718298500626
0.5536566307959891
0.5467038537148501
0.5395108629125492
0.5320752194439561
0.5243947091338148
0.5164673736860731
0.5082915432197481
0.4998658714145904
0.4911893747688539
0.4822614743344801
0.47308203963337375
0.46365143729197794
0.45397058326579387
0.4440409978707673
0.4338648647660244
0.4234450948949352
0.4127853943268661
0.4018903353661169
0.39076543288655174
0.3794172254166453
0.36785336041612104
0.3560826831369782
0.34411533088082064
0.33196283155705936
0.31963820602594845
0.307156073460594
0.2945327609893229
0.2817864161839302
0.2689371215338364
0.25600700960605793
0.24302037946290833
0.23000381235379277
0.21698628513325713
0.20399927924738073
0.1910768848553305
0.17825589724646002
0.16557590281382595
0.15307935147285406
0.14081161362539224
0.12882101758494766
0.1171588630334621
0.105879406826709
0.09503981744063755
0.08470009139135917
0.07492292750128127
0.06577355487405426
0.057319506110083955
0.04963033099063827
0.04277724958775562
0.036832731212290866
0.031869998840349203
0.027962457776183475
0.025183038678055724
0.023603452328578686
0.023293362666100676
0.024319470761214018
0.026744515588468278
0.030626194848957462
0.036016015948138275
0.04295808718864476
0.051487861434245254
0.06163085251409787
0.07340134415524169
0.08680111723410097
0.10181822411091701
0.11842584210069505
0.13658124100409835
0.15622490178624007
0.17727982472758674
0.19965106548113776
0.22322553624485408
0.24787210652703603
0.2734420336130434
0.29976974676880414
0.3266740014521743
0.353959410454483
0.3814183481708812
0.4088332125039795
0.43597901635787684
0.46262626781682825
0.48854408705174
0.5135034953633777
0.5372808032689639
0.5596610171327677
0.5804411793844859
0.599433555973841
0.6164685867332422
0.6313975194508226
0.6440946571366706
0.654459160051873
0.6624163570903102
0.6679185374865282
0.6709452103519176
0.671502836483599
0.6696240532638161
0.6653664285192995
0.6588107922943864
0.6500592061013852
0.6392326370020913
0.6264684086747417
0.6119175034318596
0.5957417881345304
0.5781112333705658
0.5592011895862604
0.5391897766085946
0.5182554339659112
0.49657467065342004
0.47432004320558185
0.45165838164321037
0.4287492740586607
0.4057438125913352
0.38278359652429683
0.35999998232003994
0.3375135656589574
0.3154338769379439
0.2938592691723489
0.27287697572895964
0.2525633146837698
0.23298401671450997
0.21419465416797048
0.19624115015327426
0.17916034807810668
0.16298062385704584
0.14772252490679985
0.1333994219699443
0.12001816236834298
0.10757971390341478
0.09607979179307816
0.08550946237522525
0.07585571834969002
0.06710202119219627
0.05922880833664515
0.05221396520838223
0.046033261300504225
0.04066074618396148
0.03606911125887233
0.03223001815322632
0.029114389861237683
0.026692671538871754
0.024935062480344494
0.023811717895530243
0.023292924884621424
0.02334925576907171
0.02395169799684907
0.02507176421014745
0.026681584529197028
0.02875398243359098
0.031262535547780135
0.0341816236397009
0.037486465201884867
0.04115314363028022
0.04515862427631345
0.04948076400821455
0.05409831403211862
0.0589909167710454
0.06413909763583828
0.06952425295336978
0.0751286344000007
0.08093533039458714
0.08692824498512286
0.09309207519039162
0.0994122869794854
0.10587508994416994
0.1124674110300895
0.11917686811523276
0.1259917434992227
0.13290095704618415
0.13989403922613336
0.14696110489343894
0.15409282756703677
0.16128041384936442
0.1685155781350494
0.1757905187263058
0.1830978944598442
0.19043080165025358
0.19778275170805837
0.20514765045407257
0.2125197776251672
0.21989376666136518
0.2272645860547567
0.23462752166964698
0.24197815903245892
0.24931236639892254
0.2566262796945733
0.2639162872672651
0.271179014762742
0.27841131219389015
0.285610241006242
0.2927730607971084
0.29989721813239845
0.3069803357008702
0.31402020070360603
0.3210147552874182
0.3279620874506931
0.3348604208699927
0.3417081069206522
0.34850361695220905
0.35524553334073145
0.3619325431012283
0.36856343107939515
0.37513707219071146
0.38165242652868214
0.3881085329410039
0.394504502794445
0.4008395160689262
0.40711281505333485
0.4133237000698789
0.4194715256385316
0.425555694728085
0.43157565630637196
0.43753090061185385
0.4434209553979959
0.4492453836216293
0.4550037784914443
0.4606957620361781
0.4663209811359806
0.4718791048738781
0.4773698226869754
0.4827928403460971
0.4881478794040792
0.49343467318328516
0.49865296592118424
0.5038025100351788
0.508883064117862
0.5138943917593884
0.5188362584957881
0.523708431733958
0.5285106772488734
0.5332427594942815
0.537904438298799
0.5424954690019377
0.547015599680094
0.5514645709244919
0.5558421136100408
0.560147948367165
0.5643817837495737
0.5685433155530685
0.5726322251825652
0.5766481789990109
0.5805908266836565
0.5844598007794325
0.5882547148887788
0.5919751635126204
0.5956207200206869
0.5991909367421564
0.6026853428642355
0.6061034444244905
0.6094447226464389
0.6127086332711776
0.6158946056511152
0.6190020416471044
0.6220303145190459
0.6249787685273018
0.6278467178382512
0.6306334442656656
0.6333381985156857
0.6359601979278496
0.6384986252037284
0.6409526289104164
0.6433213204540887
0.6456037751098904
0.6477990298017058
0.6499060823659875
0.6519238911847864
0.6538513729226509
0.6556874031889911
0.6574308138087479
0.6590803933864824
0.6606348849780154
0.6620929861170861
0.6634533470372921
0.6647145701937199
0.6658752088872766
0.6669337664968068
0.6678886953123238
0.66873839565815
0.6694812148014089
0.6701154460853785
0.670639327856213
0.6710510426537691
0.6713487161694444
0.6715304164858537
0.6715941531350904
0.6715378763418858
0.671359476276213
0.6710567822693665
0.6706275623081803
0.6700695222973784
0.6693803057153551
0.6685574931443454
0.6675986019050166
0.6665010861161728
0.6652623362187821
0.6638796795969872
0.662350380297468
0.6606716398130508
0.6588405976577254
0.6568543318699588
0.6547098607386814
0.6524041433771164
0.6499340819343762
0.6472965234414104
0.6444882616697373
0.6415060406454658
0.6383465569495306
0.6350064636593628
0.6314823747809877
0.6277708689911572
0.6238684957547551
0.6197717809593637
0.6154772329907012
0.6109813510699122
0.6062806328348045
0.6013715833364236
0.5962507260294776
0.5909146131628285
0.5853598382326225
0.5795830503806019
0.5735809685360338
0.567350397965953
0.5608882490571565
0.554191556290853
0.5472574996967092
0.5400834291373263
0.5326668894089035
0.5250056476060933
0.517097724115278
0.5089414253143286
0.5005353781771323
0.4918785692117911
0.48297038618374005
0.4738106618713698
0.464399722063785
0.454738437602676
0.4448282794551545
0.4346713770607827
0.424270581904178
0.4136295351337812
0.40275273857897137
0.39164563036362854
0.38031466567816896
0.3687674018712534
0.3570125870596189
0.3450602537628779
0.33292181715739677
0.32061017730672986
0.3081398242618184
0.2955269472494618
0.2827895469553466
0.26994755003503723
0.25702292422890993
0.24403979459262473
0.23102455928245968
0.2180060033482706
0.2050154081394479
0.19208665574128486
0.17925632608136338
0.1665637839518413
0.15405125258638386
0.14176387181727035
0.12974973723755293
0.11805991576294811
0.10674843369511236
0.09587223366307707
0.08549109458579035
0.07566750907089445
0.06646651504247635
0.0579554744195607
0.050203790563486644
0.04328256636484472
0.03726419065877734
0.03222184687362185
0.028228948320761824
0.025358488746171515
0.023682303569068423
0.023270249082435475
0.024189293422272794
0.02650252413254321
0.03026807488062219
0.03553798129110111
0.042356976427541916
0.050761237833635287
0.06077710505237575
0.07241978846858474
0.08569209409199229
0.10058319306971719
0.11706746772202611
0.13510346881591875
0.15463302102232976
0.17558051482147738
0.19785242332729303
0.2213370813885165
0.2459047617158569
0.2714080785467896
0.29768274342050005
0.3245486900012193
0.35181157565775006
0.3792646568851132
0.40669102412525715
0.4338661684839469
0.46056084128892316
0.4865441545429649
0.5115868589687991
0.5354647271545178
0.5579619617596785
0.5788745440689853
0.5980134365350207
0.6152075547631665
0.6303064288162145
0.6431824833180244
0.6537328761169585
0.6618808493806478
0.6675765627180376
0.6707973944934111
0.6715477144588109
0.6698581472783359
0.6657843616980899
0.659405433374254
0.6508218401898336
0.6401531569102555
0.6275355210647511
0.6131189439820947
0.5970645400883365
0.5795417441992616
0.5607255811923212
0.5407940446520757
0.5199256331135452
0.4982970830376462
0.47608132816242155
0.4534457055209805
0.4305504195547319
0.4075472676684899
0.3845786234699099
0.3617766679332744
0.3392628538819216
0.31714758548899247
0.29553009189924756
0.2744984724849048
0.254129890550052
0.23449089236044382
0.2156378290621601
0.19761736023026077
0.18046701933002235
0.1642158231683539
0.14888490935890528
0.1344881875677003
0.12103299298547526
0.10852073142971921
0.09694750775889072
0.08630473145887804
0.07657969450675589
0.06775611628780329
0.05981465409728223
0.05273337691954677
0.04648820515569846
0.041053310105668234
0.03640147705365615
0.03250443730120081
0.02933316217464163
0.026858125394616378
0.025049537876098232
0.02387755161629329
0.023312437599574715
0.02332474073708335
0.023885411720760225
0.02496591853424515
0.026538339904076724
0.02857544257907982
0.03105074319276588
0.03393855718674707
0.03721403620729988
0.04085319513105176
0.04483292976702294
0.04913102690709101
0.05372616767509472
0.058597924868101836
0.06372675511520215
0.06909398697549157
0.07468180569506666
0.08047323482814314
0.08645211534405
0.09260308293080532
0.09891154416050191
0.10536365126068278
0.11194627596506687
0.1186469829210911
0.12545400328757617
0.13235620791270547
0.13934308043593974
0.14640469080141852
0.15353166963342182
0.1607151826644515
0.16794690544205737
0.17521899913391775
0.182524087276982
0.18985523276601585
0.19720591526434142
0.2045700103636561
0.21194176919884686
0.219315798285316
0.22668704044240806
0.23405075724173457
0.2414025114257442
0.24873814965732094
0.25605378736006557
0.2633457936580082
0.27061077617637574
0.2778455677174514
0.2850472136094208
0.2922129584703562
0.299340234508502
0.3064266509812509
0.31346998270495063
0.32046815991079736
0.32741925948237127
0.33432149492088825
0.3411732077566297
0.3479728602280881
0.3547190264010258
0.36141038519251506
0.36804571409228976
0.37462388123977847
0.38114384011693103
0.38760462377467286
0.39400533801238924
0.40034515753500916
0.4066233201121055
0.4128391215080552
0.4189919122153867
0.42508109161435453
0.43110610504534896
0.4370664398584223
0.44296162082798035
0.4487912083101489
0.45455479333668597
0.46025199561511093
0.46588246040188114
0.4714458549328163
0.4769418672720841
0.4823702019646858
0.48773057933447905
0.49302273202189184
0.49824640327501496
0.5034013451753643
0.5084873156779335
0.5135040782322848
0.5184513981596168
0.5233290428283293
0.528136778219002
0.5328743688704105
0.5375415751457578
0.5421381526372386
0.5466638502149384
0.5511184089140249
0.5555015606181894
0.5598130265997769
0.5640525166101503
0.5682197272816749
0.5723143413899439
0.5763360263215072
0.5802844332869517
0.5841591960448211
0.5879599298636066
0.5916862306650619
0.5953376735870913
0.5989138126136799
0.6024141787552486
0.605838279985073
0.6091855993948311
0.6124555948470101
0.6156476977811081
0.6187613121835243
0.6217958134898349
0.6247505486720409
0.6276248341716276
0.6304179539556075
0.6331291614866918
0.6357576767754943
0.6383026852453642
0.6407633382478602
0.6431387499928949
0.6454279987303932
0.6476301243777733
0.6497441278799171
0.6517689707799762
0.653703572979024
0.655546813419538
0.6572975273236552
0.6589545067814508
0.6605164984075833
0.6619822033730207
0.6633502756364141
0.6646193214447396
0.6657878979850294
0.6668545125844104
0.667817621577306
0.6686756293930983
0.6694268874968108
0.6700696934910552
0.6706022900677886
0.6710228641757153
0.6713295459920271
0.6715204081496396
0.6715934647964676
0.6715466708363741
0.6713779211733343
0.6710850499276984
0.6706658299245343
0.6701179719426125
0.6694391243817688
0.6686268727561865
0.6676787393582886
0.6665921832692343
0.6653645999040014
0.6639933216106645
0.6624756173547475
0.6608086935414571
0.6589896945008802
0.6570157030471572
0.6548837421399538
0.6525907754297063
0.6501337095072599
0.6475093956249056
0.6447146316217608
0.641746165365817
0.6386006969754419
0.6352748828319359
0.631765339854205
0.6280686492558912
0.6241813626506578
0.6201000075125447
0.615821093317265
0.6113411197881198
0.6066565843084075
0.601763990993079
0.5966598615308006
0.5913407454075367
0.5858032324208898
0.5800439668941011
0.5740596616320067
0.5678471145128603
0.561403227066725
0.5547250232172667
0.5478096707564717
0.5406545054190703
0.5332570556885565
0.5256150701411282
0.5177265482360655
0.5095897726773106
0.5012033438952821
0.4925662188056571
0.48367775221339093
0.47453774024165923
0.46514646821613814
0.4555047623887874
0.44561404457976694
0.4354763903260684
0.42509459216773327
0.41447222690225166
0.40361372614277935
0.3925244517419231
0.38121077620536103
0.3696801673783842
0.35794127663562425
0.34600403231284316
0.333879737621504
0.32158117250362406
0.3091226984044804
0.2965203673265455
0.283792033904369
0.2709574697041678
0.2580384782103845
0.24505901116252177
0.23204528443803796
0.21902589200626943
0.2060319156267133
0.19309702988927172
0.18025759999930024
0.16755276963043222
0.1550245355766225
0.14271780736492323
0.13068044804094747
0.11896329164539554
0.10762013359343464
0.0967076903541226
0.0862855223146696
0.07641591478174549
0.06716371357169994
0.05859610770700351
0.050782351966257376
0.043793430273104984
0.03770164720674356
0.03258014318550833
0.028502336074407664
0.02554127809079132
0.023768923727276715
0.023255316187159984
0.024067684911859916
0.026269459459187704
0.029919202138840337
0.03506946931563683
0.04176561132819265
0.050044522325760676
0.05993335973943821
0.07144825278185332
0.08459302500770972
0.09935795922935445
0.11571863633872408
0.13363488255077624
0.1530498618725789
0.17388935199793742
0.19606124212755277
0.2194552902114619
0.2439431746251447
0.2693788711845132
0.2955993806004083
0.32242582396954156
0.3496649147873177
0.37711080544159287
0.40454729455955996
0.4317503692576232
0.45849104315188954
0.48453844017770675
0.509663061256544
0.5336401620229185
0.5562531620828799
0.5772970013555514
0.5965813571442876
0.6139336370591656
0.6292016676355596
0.6422560063814311
0.6529918170168277
0.6613302601035234
0.6672193674820605
0.6706343853733849
0.6715775879503157
0.6700775796990895
0.6661881201957969
0.6599865183526978
0.6515716542141816
0.6410616946302938
0.6285915744090967
0.6143103168222289
0.5983782667457765
0.5809643065221584
0.5622431192190946
0.5423925570200175
0.521591163537402
0.5000158901600062
0.477840036806861
0.4552314380866237
0.43235090696011236
0.40935093985280646
0.3863746799777119
0.36355512953757185
0.34101459653858807
0.31886435816431313
0.2972045199783719
0.27612404855980116
0.2557009544111317
0.23600260198690615
0.21708612433308253
0.1989989209721275
0.18177921918636947
0.16545668063256666
0.15005303712266352
0.13558274122451716
0.122053620057648
0.10946752121680745
0.09782094282655882
0.08710564121470066
0.07730921104715649
0.06841563286689134
0.0604057862286532
0.05325792675350238
0.04694812846354321
0.04145068600115029
0.036738480896511605
0.03278331613200411
0.029556212609221366
0.027027674194882556
0.025167924743491804
0.023947114101137812
0.023335497972455294
0.023303594817711992
0.02382231924210046
0.024863095039166894
0.0263979500854844
0.028399594798622918
0.030841485085981557
0.03369787226980625
0.03694384136786588
0.04055533884543164
0.04450919097656958
0.04878311451351844
0.053355720520282895
0.05820651212551528
0.06331587702626029
0.06866507595233456
0.07423622764674584
0.08001229068480317
0.08597704272198764
0.09211505800416897
0.09841168360006114
0.10485301423292123
0.11142586614928221
0.11811775064130528
0.1249168476209109
0.13181197877598583
0.13879258062212918
0.14584867809069585
0.15297085882016198
0.16015024751941587
0.1673784806013196
0.17464768204650039
0.18195044002402713
0.18927978378631372
0.19662916105499503
0.20399241718053152
0.2113637746192811
0.21873781266193087
0.226109448432114
0.2334739192090597
0.2408267647188965
0.24816380989744666
0.2554811497132954
0.2627751339589498
0.2700423519889724
0.27727961947687624
0.2844839655991088
0.2916526197052312
0.298782999735242
0.3058727015247763
0.31291948720489904
0.3199212751922702
0.3268761312801118
0.333782258494481
0.3406379886512268
0.3474417748793448
0.35419218265656166
0.3608878829782666
0.36752764589803594
0.374110332583525
0.380634890120136
0.38710034552315764
0.3935057990200467
0.3998504201955571
0.40613344198091766
0.41235415576337625
0.41851190797178855
0.4246060942020203
0.4306361564158997
0.4366015787725125
0.4425018832077595
0.44833662749338826
0.4541054002693787
0.4598078191842246
0.4654435275563264
0.4710121909810444
0.4765134960479083
0.48194714598024113
