0.24999999999999994
0.24898501420421837
0.24989741502608326
0.2544613172855809
0.26083139637314967
0.26633989754973175
0.2691536994085326
0.2688182530911087
0.2660259904774913
0.26192792801399956
0.2573218633740169
0.2520637230024272
0.24497924551395653
0.23436856434011832
0.21893351642369094
0.1987243761084751
0.17563376014837542
0.15313430307679793
0.1353021735770868
0.12550948501607442
0.1253173788634619
0.1339897508237935
0.14876091795013646
0.1656921164890174
0.18077166467562075
0.19089116554180574
0.19442891176366114
0.19132850706304633
0.18272221572744127
0.17027940542101744
0.15553504573004562
0.13944963239202643
0.12235953643084127
0.10431386311379584
0.08561781284467643
0.06729458248366621
0.05120110111297105
0.03968775646349243
0.03490613177417684
0.038034825565377184
0.048733566517529636
0.06504202727317165
0.08376775907916906
0.10123629474213275
0.11416629222122829
0.12040815730632448
0.11933957474999288
0.11182222417173737
0.09975932119233599
0.08541757516451365
0.07075197825137947
0.05696700592077747
0.04445519614127119
0.033100754761483275
0.022781746592645646
0.013818882861232451
0.0071450243380417056
0.004098139857401539
0.0059123730812674635
0.013118552054148525
0.025109011073300047
0.04005965187691152
0.05526686948178894
0.06780426601057588
0.0752889828771765
0.07650668381481118
0.07168882549685196
0.06235119682721535
0.050752308280546055
0.0391639803183374
0.02921472048026802
0.02153840699863213
0.015840886113083874
0.011329254082089624
0.007301583567758063
0.003632419870189918
0.0009395424715503142
0.00035814942755579837
0.0030180384200464427
0.009445596864750383
0.01914539310874136
0.030546599357300974
0.041358421165739234
0.04922173726693979
0.05242949293803639
0.05045726858518118
0.04410946514684172
0.03522405109924076
0.026041009848883245
0.018466071411410767
0.01350165328759062
0.011051877017015488
0.0101607000644372
0.009569831620920233
0.00835682350699185
0.006386054072237746
0.004387253774033151
0.003632595859333232
0.005348950346242443
0.010109753659058751
0.017459708491977866
0.025934145461850466
0.0334806404455838
0.03813319404800125
0.038688682565094
0.03512964609438479
0.028629909493751604
0.021136317868898136
0.01468183721282007
0.01068935909430363
0.009529449343160135
0.010495525022773622
0.012195018676340763
0.013190874215506576
0.012630546399802045
0.010608568557570308
0.008119234577519563
0.006622464825316865
0.007401325301726713
0.010972652655533044
0.016791271430254218
0.023372804999398977
0.02879568944246319
0.03139349871424668
0.03037189425076009
0.02611055009319424
0.020030109852900102
0.01407201456619328
0.009989745346541457
0.008724051161198787
0.01010192499580126
0.012971582299111384
0.015713789315196014
0.016922079697943126
0.015979584115618284
0.013303778773376018
0.010164334010488663
0.008149620803023394
0.008496766044012782
0.011553941829974546
0.01659137613892092
0.022040333053557015
0.026070819984897464
0.02728478123037975
0.02525445495527856
0.02069424820881416
0.015196600946567884
0.01063260893410356
0.008449749601145473
0.009139684669499604
0.012082262814361977
0.015823653862170994
0.018675656053690592
0.019397368365307144
0.017689318989842828
0.014305699618157086
0.010742220053951701
0.008625036304845068
0.009044097418904551
0.012096032756642339
0.016819129095100915
0.02154857461291937
0.024554496095754608
0.02471333148388105
0.02194885319431361
0.01726861823953091
0.012379975659741138
0.00903488692206772
0.008359588284251873
0.010431208176109874
0.014266241665427115
0.018223600966225828
0.02066189596195739
0.020591038516906357
0.018061350680309896
0.014137594212611626
0.010469383699563517
0.008628594297368175
0.009476084699480525
0.012808428149220785
0.01742506634607105
0.021590720203029212
0.02371204018630102
0.02296264208727411
0.01961035664334393
0.014917196812858857
0.010650458885607006
0.00839642795277068
0.00894595790436098
0.011992953718945931
0.016263576607595698
0.020024423394772617
0.021768894971808006
0.020811183625743745
0.017554151911403026
0.013326170334760967
0.00985190030770805
0.008566158857419404
0.010041727861187844
0.013757063243375556
0.01829600692979294
0.021901436541636954
0.023165235552836394
0.02158298696641059
0.017754737955232358
0.013152321539024958
0.009544320116963545
0.008304598609770841
0.009876237175833691
0.013601522752042683
0.017984519049678682
0.02128245029850706
0.022192805330076226
0.02036560065536186
0.016539308177081435
0.012247279331921324
0.009210653093846832
0.008657153095573022
0.010834322440884336
0.014909166400495832
0.019294003151752892
0.022270434302687325
0.022665828871496152
0.020315872740407304
0.016130839435876343
0.011739217313358974
0.008848762232222973
0.008576355040702366
0.011010354783748066
0.015177592903969972
0.019427825928470255
0.022084128246272094
0.022103081964326532
0.019484876420548303
0.015271994751154816
0.011137199245512097
0.008723234812069214
0.008994406664346866
0.011855494923274812
0.016188192843821447
0.020290829421301115
0.02254828710015294
0.022068305492203344
0.01903352290950311
0.014630497962611289
0.010583525422971807
0.008476707326119548
0.009131145556230458
0.012282426884646813
0.016685324793973333
0.020604426213954086
0.022497458433752227
0.021622263131194697
0.018328478604327403
0.0139191692209924
0.010136980917300586
0.008477234662827349
0.009598500971901014
0.013062806473466804
0.017507818484623183
0.021183236177257925
0.022640170283084793
0.021302012347603316
0.017691933539741578
0.013227358231283681
0.009662285978205676
0.008397023732318987
0.009927112981983843
0.013648427371451555
0.018095165793784507
0.021517011654975216
0.02256819416285366
0.020837147177230675
0.01700824549311436
0.012591978274867743
0.00932984789663499
0.008508355553632663
0.010452227461119012
0.014396452528800785
0.018787531178992123
0.021895310284210545
0.022494460213305367
0.020347211115539943
0.01629721954063512
0.011937570841882572
0.008983631173051065
0.008597697381946934
0.010931378506147782
0.015065904887203996
0.019373867383376875
0.022159946099370498
0.022328338666847913
0.019814092957691376
0.015608520044155472
0.011368699991082254
0.008764859807666003
0.008822616804619154
0.011519100105943536
0.015791990310355664
0.01995791574760447
0.022375440961816095
0.02209156010602159
0.019217099119808678
0.014883182782928939
0.010795897686154743
0.008564512081273568
0.009067786970823777
0.012107914454437319
0.016488357706728463
0.02048494495510378
0.022524718591646564
0.021805235059423778
0.018610461885165075
0.014198889302786621
0.010307921772025164
0.008469710812551212
0.009407838528332046
0.012752423161949467
0.017185829311424206
0.020961599816931242
0.022592255795828353
0.021435111893851666
0.017945413772300522
0.013497110205781648
0.00984183393212168
0.008419135476079032
0.009789589508624186
0.013414008709995262
0.017865710092876075
0.02139225261345784
0.022605451950268363
0.0210279663161686
0.017281225471882045
0.012840704046847173
0.009454907999736029
0.008456863769914225
0.010239229090598267
0.014099713377875633
0.018517674503887527
0.021752968827908115
0.022531233053220356
0.020545741223968517
0.016578210812893457
0.012190985031797441
0.009111804810136792
0.00855343774946854
0.010736083804817331
0.014800627982224812
0.019146902716002834
0.02206376287821321
0.02240286682471737
0.020030845941459097
0.01588180985719878
0.011589512315411998
0.008844022266087714
0.008726228210769404
0.01128223250206345
0.015505228281199879
0.019731992734069947
0.022297861990554002
0.022192267793015752
0.01945669543446593
0.01516835341952738
0.011015985604465706
0.008634864239052964
0.00896283270390541
0.011870977898235213
0.016214368392353795
0.020282881018722554
0.02247459182499001
0.02192656574125046
0.018854654171654606
0.014468495507675871
0.010495189140077521
0.008499209442009215
0.009266362661326966
0.012494370764456919
0.016911922580120586
0.020779310301514642
0.022573508434464706
0.021587922609339283
0.01821063774710785
0.013771596681309894
0.010018888040169704
0.008430372232509642
0.009631715179108769
0.013149998105559946
0.017599928439697488
0.021229327079146376
0.022609091288828598
0.021195940521523016
0.017546347455077493
0.01309741226251987
0.00960096684728129
0.008433746748841175
0.010055270504536251
0.013826901977788408
0.018263344287176575
0.021617530798968165
0.022568593407382265
0.020741998816856122
0.01685703298046659
0.012443557467623545
0.009239574201661882
0.008506826671006829
0.010533941308129291
0.014522763102452041
0.01890264507294026
0.021948931411090722
0.022462088418922055
0.02024005522951111
0.016157811876311767
0.01182283206912288
0.0089420961060373
0.008649921280878214
0.01106129644980336
0.015226608295051625
0.019505586580376322
0.02221321541135801
0.022283262735769527
0.01968814280809722
0.015449778000528602
0.0112371830756543
0.008709235844744034
0.00886143876550638
0.011633904518979388
0.015934933629825676
0.020070900210761244
0.022413165617165165
0.02203940277650862
0.019096790279150233
0.01474405740778617
0.01069520137435448
0.00854455168362328
0.009138957776151757
0.012244319877515952
0.016637776382464553
0.02058924582912347
0.0225427013321447
0.021728904649582326
0.018468317130515388
0.014044907200359225
0.010200546771257812
0.008449093662609763
0.009480261275966628
0.012888020252995736
0.017330482510543033
0.021058308663164105
0.02260356249961676
0.021357755160267278
0.01781145648410648
0.013361119135876065
0.009759184236748264
0.00842400599312143
0.009881333367782297
0.013557282259699432
0.018004321533792056
0.021471283840350408
0.022592941938616162
0.02092760875987887
0.017131064790085027
0.01269832367519208
0.009374923841358573
0.008469568165493269
0.01033878091144702
0.014246514127848775
0.018653987872919886
0.021825630974040444
0.022512514711859388
0.020444156613339926
0.016435031547796297
0.012063848070208938
0.009051884612891359
0.008585184550001512
0.010847516391544965
0.014948010212915752
0.01927196558711558
0.022116689625751695
0.022361984449397465
0.019911259190186104
0.01572956525566671
0.011463577368032773
0.008793164521693098
0.00876988963149139
0.011402923892203376
0.01565543475237874
0.019852869917027338
0.022342363125143594
0.022143600608908076
0.019334849669351672
0.015022138828047815
0.010903725740895542
0.008601356893948309
0.009021655908149517
0.011999113275811824
0.016361261155315276
0.020390368628933175
0.022499850802498222
0.02185903500956715
0.01872026339031485
0.01431952524329122
0.010389748239992835
0.00847840495697788
0.009338148024186033
0.012630429892795503
0.017058816032386515
0.020879495424317163
0.0225879592997128
0.021511447401491746
0.018073867984008063
0.013628871177191637
0.00992680815788749
0.0084254771876357
0.009716071278144445
0.013290378087523647
0.017740904174577465
0.021315118563546454
0.02260556529687241
0.021104092114105133
0.017401950807958533
0.012956973659865256
0.009519507355988999
0.008443160431612917
0.010151778475420092
0.013972541893192691
0.01840090907305958
0.021693075520058946
0.02255265008747631
0.02064114859871391
0.016711282391679072
0.012310555363867381
0.009171887186537053
0.008531223412573452
0.010640844279674211
0.014670021735734062
0.019032143984509142
0.022009492302505596
0.022429645165959855
0.020127154955222326
0.016008697942119732
0.01169604278115527
0.008887429558183502
0.008688835887226687
0.011178464437466451
0.015375948215292312
0.01962839997127569
0.02226128698875579
0.022237829459785807
0.01956726420092142
0.015301207420283403
0.011119548787208167
0.008668943667118456
0.008914392351243527
0.011759241778903806
0.016083245634588406
0.020183695518171285
0.022445914307537118
0.02197908452237929
0.01896703485402257
0.014595851981002828
0.010586822725407619
0.008518624826851173
0.009205674406371045
0.01237742476026188
0.016784902383216338
0.0206925283973991
0.022561555710978065
0.02165599764456866
0.0183324451681382
0.013899648341820614
0.010103156066047225
0.008437952950985206
0.009559763521162001
0.013026840672627382
0.017473917069592282
0.021149820799886476
0.02260705272991964
0.021271783437390723
0.01766981603901202
0.013219535158787488
0.009673374701280824
0.008427743533897691
0.009973146889345808
0.013701034973491066
0.01814343802342483
0.021551024201962865
0.022581952391821203
0.020830263092306733
0.01698573736226655
0.012562274491037917
0.009301747960455076
0.008488089617980588
0.010441702327977642
0.014393291565979849
0.018786798592248966
0.0218921460541755
0.022486508711325792
0.020335838179002752
0.01628702661111453
0.011934417079909387
0.008991982342648863
0.00861839578671214
0.010960768435509693
0.01509671950558139
0.019397591991882235
0.022169786063689523
0.022321665678624425
0.019793423585113934
0.015580632255444482
0.011342206845121494
0.008747156734313255
0.00881736215338691
0.011525177658292751
0.015804318355383373
0.019969742108720212
0.022381186275288734
0.02208907117032205
0.019208426030407677
0.014873592746004527
0.010791544130970554
0.008569711307523153
0.009083008661349812
0.012129309619699769
0.01650904016454069
0.020497547708460018
0.022524235680411453
0.02179103384373371
0.018586662805750997
0.014172941465195099
0.010287907320618739
0.00846141116610244
0.009412691664252182
0.012767153164989942
0.01720387416839897
0.0209757604577821
0.02259751675051186
0.02143052702634468
0.01793432907332515
0.013485657462671885
0.009836312313360185
0.008423334552698836
0.009803127213579177
0.01343235477251259
0.017881898096612614
0.021399613710563814
0.022600293749703626
0.02101113382556996
0.017257914175337674
0.012818579596561575
0.00944125358576825
0.008455861369738749
0.010250431260819037
0.014118296668318542
0.01853636761958477
0.02176489390713049
0.02253254480602901
0.02053703433955778
0.01656415560154484
0.012178350761554213
0.009106664225303485
0.008558666222539368
0.010750147625039008
0.014818145718406284
0.01916076209976375
0.022067959058744202
0.02239493909552137
0.020012943867033117
0.01585995670950341
0.011571343076794138
0.00883587549294429
0.008730727837984953
0.011297305263108237
0.015524939642173885
0.019748870980755173
0.022305797450974996
0.022188851234940132
0.019444083447040517
0.015152330108886836
0.011003599986712909
0.008631582091778
0.008970330782550662
0.011886453376744932
0.01623163759045182
0.020294834544158202
0.02247603646158297
0.02191632855254133
0.018836112913502234
0.014448318474340638
0.010480773221313577
0.00849581920243242
0.009275092677906771
0.012511730985171943
0.016931209073657527
0.020793222622647767
0.022576985969308627
0.021580087855328167
0.018195087298083057
0.01375493150030016
0.010008067226959017
0.00842993654907459
0.009641976519883855
0.013166909377402003
0.017616685232393403
0.021239069063684113
0.022607636720732183
0.021183472954094784
0.017527385733881018
0.013079070997016107
0.009590188442769543
0.00843459207741476
0.01006733327397491
0.013845470408429206
0.018281246736573165
0.021627940001885726
0.022567687614450105
0.02073043525927365
0.01683965707024132
0.012427465624237855
0.009231295867932476
0.008509737108841564
0.010546925075477942
0.014540654816091736
0.018918273370364558
0.021955959866067465
0.022457532574307437
0.020225481964907144
0.01613874610316579
0.011806601970793196
0.008934963544063868
0.00865462611797363
0.011075981149722636
0.015245546251001885
0.019521427967332472
0.02221986741694526
0.02227827172425001
0.019673642384632317
0.015431631630878684
0.01122266057517679
0.008704139938389366
0.008867814013074737
0.011649231097472845
0.015953123319616236
0.020084701789583326
0.022417031425135736
0.022031686289393226
0.019080407816359002
0.014725351991937141
0.010681454968494264
0.008541124630062347
0.009147181395536663
0.012260971960891931
0.016656346315619464
0.020602491715326188
0.022545493010753648
0.021720234142207917
0.018451685937967532
0.014026938936074262
0.010188372221948738
0.008447538503674468
0.009489944126210015
0.012905110032491174
0.017348210423646204
0.021069638948620906
0.02260396958936728
0.02134701286323315
0.017793733866197536
0.013343344658380218
0.00974832182231783
0.008424315333725174
0.009892693186933588
0.013575236836153914
0.01802183238640681
0.02148149718065223
0.022591882641521788
0.02091574059473006
0.017113103077148584
0.012681374587900474
0.009365683384911894
0.008471683994594303
0.01035141590781219
0.014264677299084982
0.01867050207787946
0.021833962310280175
0.022509349021071545
0.020430708113228724
0.0164165678997073
0.01204761860997311
0.009044267370841186
0.008589175414459693
0.010861549123657
0.014966572051718863
0.019287766191635303
0.0221235295143673
0.022357193679158893
0.019896746266223786
0.01571106347660023
0.011448385569459818
0.008787271978600186
0.00877561732395915
0.011418010940301204
0.015673929689809463
0.019867475699461734
0.022347312279927423
0.022136928132237166
0.01931916846180015
0.015003612151873513
0.010889641213465195
0.008597257274330139
0.00902915649576802
0.012015265420621313
0.01637971257835935
0.020403863753743534
0.022503086641310177
0.021850748165087253
0.018703726473693505
0.014301257334427775
0.010376947245417822
0.008476112985339568
0.009347265994362974
0.012647363157249791
0.017076890503656406
0.020891586481918856
0.02258929816956029
0.021501499810416602
0.01805654523125927
0.013610990446577376
0.009915408336521547
0.008425047158311771
0.009726782141410095
0.01330801545384852
0.01775852723727689
0.021325792698714874
0.02260509221775553
0.021092662556208952
0.017384069004994396
0.012939683382292677
0.009509618079641957
0.008444565915356361
0.010163923629435467
0.013990641628804812
0.01841783292452026
0.021702155862346362
0.022550308087863458
0.02062830381062508
0.016692990891295223
0.012294018906134185
0.00916361733478066
0.008534477353915493
0.01065434206602095
0.014688450096268402
0.019048248342044716
0.02201693323190218
0.022425494503162557
0.02011304866582303
0.01599019178413591
0.011680424501237574
0.008880849127415269
0.008693883835131977
0.011193151871078055
0.015394490160889951
0.01964349355210865
0.022266987318256604
0.0222318907598531
0.019552024246200006
0.015282667020643625
0.01110500879585824
0.008664130010280768
0.008921201202645501
0.011774992787290328
0.016101737283135853
0.020197647050831102
0.022449832647865375
0.021971427266416654
0.01895081759254791
0.0145774608066086
0.010573499528765407
0.008515615625591277
0.009214163624411853
0.012394068898827382
0.016803146700475113
0.02070518810897859
0.022563645272994037
0.021646693999970712
0.018315411862907582
0.01388159288341878
0.010091188610160173
0.008436786418884124
0.009569857693945416
0.013044221085073582
0.017491740027172797
0.021161068250668935
0.022607295809883632
0.021260926458219864
0.01765213417442374
0.013201990983339185
0.00966287649453823
0.008428424969057713
0.0099847393145161
0.013718973237941856
0.018160658176739675
0.021560745161035177
0.022580346209497615
0.02081796232528127
0.01696758596984521
0.01254542035431594
0.009292828159824296
0.008490616849014532
0.010454681641513641
0.014411612134377805
0.01880324623634233
0.021900244036568373
0.022483068149974528
0.020322213777060616
0.016268583217717125
0.011918417140085569
0.008984726110870922
0.008622740434268583
0.010975002971857661
0.015115238550294674
0.01941310307146593
0.022176181249234317
0.02231642676151946
0.019778613686514845
0.0155620833917271
0.011327223374005713
0.008741639022122216
0.008823483107190222
0.01154052706268549
0.015822851961204587
0.01998416173487111
0.022385813695459222
0.022082084094373455
0.01919257569997279
0.01485512056544619
0.010777723939289274
0.00856598509994444
0.00909084364826701
0.012145620478426544
0.016527403982611155
0.02051073320310637
0.0225270507293856
0.021782370035053622
0.018569931895726366
0.014154731882772886
0.010275389758531095
0.008459514890702624
0.009422163456982768
0.012784263249177474
0.017221884920523567
0.020987579554217983
0.02259848999300529
0.02142027108206007
0.017916882434336978
0.013467890177274566
0.009825220705280358
0.00842328621341576
0.009814141136906984
0.013450093877251768
0.01789937708532624
0.02140994974005117
0.022599416757043578
0.020999389229446552
0.017239926849340614
0.01280143267496292
0.009431699256774173
0.008457661988652554
0.010262877804370518
0.014136487931514008
0.018553140217053732
0.021773643076330895
0.022529825239770263
0.02052391688739691
0.016545805597297736
0.012161994021432976
0.009098741668454258
0.008562297566549082
0.010763902903933809
0.014836608376700533
0.019176661923987814
0.02207503504414826
0.022390404902224048
0.01999858502202273
0.015841427494210913
0.011555939978148355
0.00882966398292978
0.008736153908004807
0.011312232238146147
0.015543489562144353
0.019763739228316535
0.022311129169345856
0.022182546861126695
0.019428625483234763
0.015133805563449065
0.010989303434284059
0.008627143213622734
0.008977497510384347
0.011902403592022215
0.016250090418309937
0.020308523639516296
0.022479571349334704
0.021908317292346546
