0.24999999999999994
0.24817809529074988
0.24449853909694436
0.24035166424856375
0.2362712445736806
0.2324649325217485
0.22901718663741477
0.22596428730300616
0.22332169705095506
0.22109409774500824
0.21927925030969944
0.217869696779017
0.2168537278056389
0.21621610571403632
0.21593870224826653
0.21600109556944452
0.216381132956435
0.2170554548214643
0.21799997334618196
0.21919030119929547
0.2206021270264363
0.2222115368660643
0.22399528235679136
0.2259309981381501
0.22799737178356091
0.23017427035616758
0.23244282823675688
0.23478550096662545
0.23718608988859188
0.2396297421924363
0.24210293070105798
0.24459341738615825
0.24709020420832808
0.2495834744617046
0.2520645273877524
0.2545257084207023
0.25696033704809873
0.259362633917938
0.26172764850030594
0.2640511884151877
0.2663297511252169
0.26856045872911144
0.27074099610505875
0.27286955264055796
0.2749447680362902
0.27696568236845925
0.27893168835077675
0.28084249033669717
0.28269806391663566
0.2844986208487027
0.28624457716218055
0.28793652350095533
0.2895751992860773
0.29116146929656095
0.2926963023708728
0.294180753004324
0.2956159447704175
0.29700305542202843
0.29834330418502575
0.2996379404414324
0.3008882336081821
0.3020954646470607
0.3032609186557609
0.3043858782354822
0.3054716180377617
0.3065194001755582
0.30753047008565926
0.30850605321601143
0.3094473524183487
0.3103555455532253
0.31123178366105964
0.3120771897110882
0.3128928573863276
0.3136798502715398
0.3144392015038823
0.31517191332061345
0.31587895694487284
0.3165612728072468
0.3172197705541893
0.3178553294261274
0.31846879879392687
0.3190609984350329
0.31963271926992587
0.3201847239874387
0.3207177475380413
0.32123249807402676
0.3217296575027083
0.32220988225486824
0.32267380418295394
0.32312203107777077
0.32355514768175375
0.323973716298623
0.3243782775593738
0.3247693513056793
0.3251474370867319
0.32551301516168685
0.32586654695943135
0.3262084759397482
0.3265392282111045
0.3268592131323453
0.3271688241084706
0.3274684389783621
0.32775842089645
0.3280391186158777
0.3283108673427527
0.32857398901623913
0.3288287930568936
0.3290755766944855
0.3293146255882864
0.3295462142060099
0.3297706063297553
0.32998805546669563
0.33019880526794865
0.3304030899451372
0.3306011346322574
0.3307931557820098
0.3309793615001399
0.3311599518964441
0.331335119420182
0.33150504914157064
0.3316699191155138
0.3318299005718839
0.3319851583299485
0.3321358508842335
0.3322821308778421
0.332424145092274
0.33256203495653847
0.3326959364891755
0.3328259807776232
0.3329522939568478
0.33307499757025183
0.3331942086739393
0.3333100400066876
0.3334226002688107
0.3335319940963456
0.3336383224636146
0.3337416825808085
0.33384216825169893
0.3339398698871362
0.33403487464748227
0.3341272666807257
0.33421712703992923
0.33430453403831717
0.334389563162794
0.33447228727841527
0.33455277676880285
0.3346310994740006
0.3347073210041591
0.33478150463998313
0.3348537115033617
0.33492400070011424
0.33499242922121286
0.335059052226406
0.3351239229869271
0.335187092946332
0.33524861192745414
0.3353085280032743
0.33536688769318923
0.3354237360322635
0.3354791164792372
0.33553307115689573
0.3355856408082117
0.33563686479259125
0.33568678129286594
0.33573542721419974
0.33578283825772104
0.33582904907221434
0.3358740931331124
0.3359180028657188
0.335960809747596
0.33600254418628933
0.336043235666717
0.3360829128197614
0.3361216033043536
0.33615933396132835
0.3361961308646809
0.3362320192066925
0.3362670234468912
0.33630116736024807
0.33633447392259874
0.33636696544572053
0.3363986636339923
0.3364295894702283
0.3364597633264332
0.33648920503789115
0.3365179337948436
0.3365459682153746
0.33657332644298316
0.33660002605501416
0.33662608408294237
0.33665151713481806
0.33667634133429225
0.33670057227895717
0.3367242251807696
0.3367473148461755
0.3367698555819624
0.3367918613301455
0.3368133456916945
0.33683432181924544
0.33685480249836064
0.33687480022159044
0.33689432710733247
0.3369133948920574
0.33693201504872805
0.33695019875654597
0.33696795681043923
0.33698529974954106
0.33700223787785233
0.33701878116033124
0.33703493928132844
0.3370507217255321
0.3370661377174219
0.33708119616908916
0.33709590580574345
0.33711027516190745
0.33712431247314695
0.3371380257657336
0.337151422913345
0.33716451156212884
0.33717729910289157
0.3371897927872275
0.33720199971381076
0.337213926720193
0.3372255804826112
0.3372369675622884
0.33724809432625247
0.33725896692580337
0.33726959140851775
0.3372799737029466
0.33729011950925136
0.33730003439775025
0.33730972385460034
0.33731919320521603
0.33732844758485747
0.3373374920518929
0.33734633157625993
0.3373549709282031
0.3373634147672091
0.33737166769384574
0.3373797341812389
0.3373876185279181
0.3373953249752848
0.33740285770322653
0.3374102207190083
0.33741741792833635
0.3374244531982049
0.33743133030093264
0.3374380528436749
0.3374446243898396
0.33745104846409846
0.33745732844599047
0.3374634676148757
0.33746946922710697
0.33747533647511463
0.3374810723941605
0.33748667998231185
0.3374921622175119
0.3374975219614763
0.3375027619715523
0.33750788499378337
0.33751289373672266
0.33751779076330496
0.33752257859798596
0.33752725975992914
0.33753183668225906
0.33753631168658843
0.33754068709080315
0.3375449651968641
0.3375491481777431
0.3375532381598745
0.3375572372755842
0.3375611476015319
0.33756497109572714
0.337568709715495
0.33757236541896396
0.337575940056994
0.3375794354209637
0.33758285331596105
0.33758619551953795
0.3375894636875705
0.3375926594725477
0.3375957845402242
0.3375988404748571
0.3376018287858249
0.3376047510010988
0.33760760864351397
0.337610403120404
0.3376131358253554
0.3376158081744002
0.3376184215301232
0.3376209771651638
0.3376234763721394
0.33762592045536266
0.3376283106182132
0.3376306480342631
0.33763293390559423
0.33763516940892857
0.33763735561928415
0.3376394936287973
0.3376415845532551
0.3376436294285857
0.33764562924176816
0.3376475850117342
0.33764949775601505
0.33765136838750553
0.3376531978266676
0.3376549870259407
0.3376567368831861
0.3376584482279261
0.337660121922367
0.33766175884512295
0.33766335977813683
0.33766492549450544
0.3376664568047607
0.3376679544917818
0.337669419253422
0.33767085181739664
0.3376722529403427
0.33767362329868544
0.3376749635395145
0.33767627435013803
0.3376775564155349
0.337678810325474
0.3376800366917998
0.33768123616356194
0.3376824093319357
0.33768355673709266
0.33768467895998355
0.337685776598563
0.33768685015728606
0.3376879001474491
0.33768892712297427
0.3376899316053786
0.33769091404528445
0.33769187493168756
0.3376928147842475
0.3376937340409816
0.337694633126329
0.33769551251011565
0.33769637265552177
0.33769721393972624
0.3376980367719734
0.3376988416011327
0.3376996288136549
0.3377003987597412
0.33770115183559835
0.33770188845205873
0.33770260892948245
0.3377033136072435
0.33770400287007285
0.33770467706402296
0.3377053364769386
0.33770598144084396
0.3377066123176208
0.3377072293858115
0.33770783292358464
0.3377084232576294
0.33770900070132737
0.33770956549158315
0.3377101179042641
0.3377106582552767
0.33771118679305645
0.3377117037428936
0.3377122093794371
0.3377127039872683
0.337713187764167
0.3377136609364637
0.3377141237768693
0.3377145765123257
0.3377150193234426
0.3377154524389854
0.3377158761147928
0.33771629052206725
0.3377166958429515
0.3377170923097298
0.3377174801335342
0.33771785945853366
0.33771823047292315
0.3377185934037027
0.3377189484054368
0.33771929562147684
0.3377196352466266
0.3377199674790041
0.3377202924348631
0.3377206102663279
0.3377209211716798
0.3377212252960733
0.3377215227497202
0.33772181369367416
0.33772209831163413
0.33772237670230465
0.3377226489850639
0.3377229153299285
0.3377231758772688
0.33772343071017363
0.33772367995948166
0.3377239237922284
0.33772416229862035
0.33772439556862294
0.33772462374487455
0.3377248469650776
0.3377250652916724
0.33772527882830317
0.33772548772357713
0.33772569206579306
0.3377258919193401
0.3377260874012039
0.33772627864513316
0.3377264657009024
0.33772664864721824
0.33772682761305095
0.3377270026889918
0.3377271739182657
0.33772734139454885
0.337727505243887
0.33772766551207445
0.3377278222547297
0.3377279755805958
0.33772812558442944
0.3377282722933379
0.3377284157797058
0.3377285561587291
0.33772869347865897
0.33772882777452407
0.3377289591350216
0.33772908765837706
0.33772921336160633
0.33772933629743107
0.33772945656775
0.33772957422745964
0.3377296892942089
0.3377298018380023
0.33772991195624696
0.3377300196639832
0.33773012499519595
0.3377302280367811
0.33773032885225995
0.3377304274458638
0.3377305238702555
0.3377306182178227
0.3377307105082342
0.3377308007582108
0.33773088903871773
0.3377309754217055
0.33773105990273633
0.3377311425182879
0.3377312233523222
0.33773130243358407
0.33773137976380535
0.3377314553983506
0.33773152941390816
0.33773160180428685
0.33773167259031767
0.33773174184495347
0.33773180960833316
0.3377318758703044
0.33773194067153683
0.3377320040884185
0.3377320661199865
0.33773212677207937
0.33773218610490424
0.3377322441702051
0.3377323009499016
0.337732356470744
0.33773241080464045
0.33773246396074336
0.33773251593141596
0.3377325667634369
0.33773261651771525
0.33773266517363476
0.33773271274450245
0.3377327592944431
0.33773280484553403
0.33773284937906156
0.33773289292888475
0.33773293555964323
0.3377329772553895
0.3377330180160587
0.33773305789558167
0.3377330969297092
0.33773313509194414
0.33773317240374673
0.33773320892865655
0.33773324466084104
0.33773327958774096
0.337733313751611
0.33773334720050396
0.3377333799044136
0.3377334118728227
0.33773344316425324
0.3377334737863923
0.33773350371597777
0.3377335329835367
0.3377335616444762
0.33773358967201417
0.33773361706350047
0.3377336438694443
0.3377336701124254
0.3377336957611964
0.337733720834906
0.3377337453909167
0.3377337694117565
0.33773379288295796
0.3377338158449535
0.3377338383345667
0.33773386031621555
0.3377338817979697
0.3377339028346851
0.33773392342226705
0.33773394353568453
0.3377339632044678
0.33773398247612296
0.33773400131622267
0.33773401972171524
0.33773403774142996
0.3377340553867071
0.3377340726241496
0.3377340894725951
0.3377341059843962
0.3377341221329836
0.3377341379040153
0.3377341533377244
0.3377341684609375
0.33773418323504023
0.33773419766837864
0.33773421181319235
0.33773422565554645
0.337734239170569
0.3377342523883625
0.33773426534904627
0.33773427801313805
0.3377342903785827
0.337734302493504
0.3377343143593811
0.3377343259425294
0.33773433726281954
0.33773434836805255
0.33773435922460915
0.337734369819625
0.3377343801940655
0.33773439036561015
0.33773440029444135
0.3377344099903329
0.3377344195033414
0.33773442881122795
0.3377344378906153
0.33773444677323256
0.33773445549175585
0.33773446400387896
0.3377344723093944
0.3377344804561554
0.33773448843683135
0.33773449621879537
0.33773450382385417
0.3377345112952165
0.33773451859397285
0.33773452570960943
0.33773453268428477
0.33773453952712007
0.3377345461984711
0.33773455271031283
0.3377345591105163
0.33773456536984636
0.3377345714673363
0.3377345774369298
0.3377345833037596
0.3377345890243684
0.33773459460097727
0.3377346000812208
0.33773460544983397
0.3377346106762231
0.33773461578473785
0.33773462081359784
0.33773462572021307
0.33773463049694946
0.3377346351872814
0.33773463979222873
0.3377346442733715
0.3377346486454056
0.3377346529536979
0.3377346571632166
0.33773466125601725
0.33773466526846485
0.3377346692182003
0.3377346730617537
0.33773467680421987
0.3377346804927879
0.33773468410505836
0.3377346876131769
0.33773469104444354
0.3377346944314307
0.33773469772942044
0.3377347009339349
0.3377347040896384
0.3377347071898612
0.33773471019821744
0.33773471313247333
0.3377347160349402
0.3377347188659585
0.3377347216109914
0.33773472430880996
0.33773472696959556
0.33773472955078765
0.3377347320606543
0.3377347345455023
0.3377347369765919
0.33773473932931003
0.3377347416341451
0.3377347439172763
0.33773474613330573
0.3377347482810329
0.3377347504059972
0.3377347524942651
0.3377347545121101
0.33773475648060425
0.3377347584382724
0.33773476034202093
0.33773476218093196
0.337734763995995
0.33773476578999506
0.3377347675220366
0.337734769203762
0.3377347708799958
0.337734772516492
0.33773477409222213
0.3377347756408249
0.3377347771817435
0.33773477866983803
0.3377347801073417
0.33773478154020453
0.337734782947708
0.33773478429926584
0.3377347856194136
0.33773478694201653
0.3377347882218007
0.3377347894515396
0.3377347906741165
0.33773479188504785
0.3377347930457242
0.33773479417129754
0.3377347953043789
0.33773479640612025
0.33773479745929336
0.33773479850050514
0.3377347995422427
0.33773480054038973
0.33773480150072865
0.33773480246903376
0.33773480341836004
0.33773480432162206
0.337734805206923
0.33773480610248446
0.3377348069621834
0.33773480778244425
0.3377348086076051
0.337734809426129
0.3377348102022012
0.33773481095457447
0.33773481172280506
0.3377348124644381
0.3377348131661528
0.33773481386723486
0.3377348145730896
0.33773481524128346
0.3377348158812262
0.33773481653782605
0.33773481717856674
0.3377348177801225
0.337734818374094
0.33773481898239194
0.33773481955905815
0.33773482010416717
0.33773482066297456
0.3377348212172073
0.3377348217342573
0.3377348222365389
0.33773482275961664
0.3377348232585291
0.337734823723875
0.3377348241972361
0.3377348246769164
0.33773482512273184
0.33773482554777157
0.33773482599529614
0.33773482642798214
0.3377348268264315
0.33773482722551523
0.337734827640478
0.33773482802624966
0.33773482838659974
0.3377348287670755
0.3377348291430975
0.3377348294855891
0.3377348298206674
0.33773483017888145
0.3377348305139781
0.33773483082040234
0.3377348311415638
0.33773483146876143
0.3377348317645428
0.3377348320457122
0.3377348323530161
0.33773483264520643
0.3377348329068972
0.3377348331759201
0.3377348334606176
0.33773483371744784
0.33773483395390613
0.3377348342151242
0.3377348344707659
0.3377348346955298
0.3377348349192133
0.33773483516639685
0.3377348353907206
0.3377348355903733
0.33773483581004504
0.3377348360342477
0.3377348362286643
0.33773483641383756
0.3377348366270566
0.3377348368241523
0.3377348369937589
0.33773483717628106
0.33773483737304577
0.33773483754260414
0.3377348376961966
0.33773483787775693
0.33773483805186505
0.3377348381971631
0.33773483834691215
0.3377348385192505
0.337734838668466
0.3377348387964989
0.33773483894869716
0.3377348391031289
0.33773483922894143
0.337734839350432
0.3377348395004144
0.3377348396329287
0.3377348397405624
0.33773483986583264
0.3377348400030641
0.337734840113391
0.3377348402118129
0.3377348403402088
0.3377348404588756
0.33773484055049385
0.33773484065148884
0.337734840773241
0.33773484087133754
0.3377348409514819
0.33773484105898577
0.3377348411659442
0.337734841245226
0.337734841324888
0.33773484143219545
0.33773484152063976
0.33773484158662903
0.33773484167426027
0.337734841770998
0.3377348418409788
0.3377348419029705
0.3377348419958697
0.33773484207661986
0.3377348421319645
0.33773484220112243
0.3377348422885296
0.3377348423516545
0.3377348423999713
0.3377348424779901
0.3377348425524344
0.3377348426000807
0.3377348426525922
0.3377348427310075
0.3377348427891762
0.3377348428272795
0.33773484289039163
0.33773484295938977
0.33773484300176193
0.3377348430400503
0.3377348431091719
0.33773484316377744
0.3377348431946273
0.3377348432432947
0.33773484330721504
0.33773484334625015
0.33773484337365023
0.33773484343228954
0.33773484348425165
0.33773484351033894
0.3377348435455435
0.33773484360429384
0.3377348436414722
0.3377348436610378
0.33773484370837054
0.337734843758164
0.3377348437815384
0.33773484380481444
0.3377348438578633
0.3377348438942349
0.33773484390859276
0.33773484394435577
0.3377348439920349
0.3377348440143287
0.33773484402826737
0.3377348440741858
0.3377348441103923
0.3377348441217638
0.3377348441462763
0.3377348441914957
0.33773484421394423
0.3377348442213619
0.3377348442586946
0.33773484429498857
0.3377348443052083
0.3377348443193904
0.33773484436142265
0.3377348443848819
0.3377348443882181
0.33773484441611945
0.3377348444523808
0.337734844462913
0.3377348444685284
0.33773484450605235
0.3377348445310137
0.33773484453234526
0.3377348445505942
0.33773484458634395
0.33773484459829595
0.3377348445979729
0.3377348446290794
0.3377348446556827
0.33773484465673664
0.3377348446657484
0.33773484470016113
0.3377348447142951
0.33773484471038384
0.3377348447337408
0.3377348447617855
0.33773484476394966
0.33773484476482896
0.3377348447967007
0.33773484481344385
0.3377348448079608
0.3377348448228892
0.33773484485184335
0.33773484485617544
0.33773484485119243
0.33773484487848227
0.3377348448979355
0.33773484489257183
0.3377348448990527
0.3377348449280616
0.33773484493529765
0.3377348449267791
0.33773484494773354
0.33773484496967865
0.33773484496580763
0.33773484496449013
0.33773484499238277
0.3377348450029436
0.33773484499290196
0.3377348450064385
0.33773484503034495
0.33773484502902795
0.3377348450215797
0.3377348450465303
0.33773484506052726
0.3377348450506666
0.33773484505637985
0.3377348450814096
0.3377348450834017
0.3377348450721597
0.337734845092047
0.33773484510928686
0.33773484510100726
0.3377348450991735
0.3377348451241863
0.33773484512994056
0.3377348451169513
0.33773484513032725
0.3377348451503168
0.33773484514471885
0.3377348451364111
0.33773484515985697
0.33773484516952834
0.3377348451565412
0.3377348451626455
0.33773484518459496
0.3377348451824831
0.33773484516989927
0.33773484518949753
0.3377348452029466
0.3377348451914163
0.3377348451901797
0.337734845213006
0.3377348452148917
0.3377348452001381
0.3377348452141
0.33773484523089536
0.3377348452219854
0.3377348452140341
0.33773484523636177
0.33773484524246633
0.3377348452273589
0.3377348452345908
0.33773484525401165
0.33773484524859654
0.33773484523572117
0.33773484525541797
0.3377348452656743
0.3377348452517418
0.3377348452518472
0.33773484527288566
0.33773484527155284
0.33773484525593644
0.3377348452708895
0.3377348452849447
0.33773484527342945
0.33773484526671116
0.3377348452880738
0.33773484529112574
0.33773484527466635
0.3377348452834628
0.3377348453006794
0.3377348452925397
0.33773484528020625
0.3377348453001105
0.33773484530756587
0.33773484529187814
0.33773484529380665
0.3377348453132637
0.33773484530917486
0.33773484529341463
0.33773484530951825
0.3377348453211132
0.3377348453075295
0.3377348453025817
0.33773484532307657
0.33773484532343234
0.3377348453062349
0.3377348453168155
0.33773484533200526
0.33773484532157666
0.3377348453104792
0.33773484533049725
0.3377348453354103
0.33773484531848497
0.33773484532252485
0.3377348453404838
0.33773484533398157
0.33773484531867926
0.33773484533591225
0.3377348453452158
0.3377348453299919
0.33773484532717835
0.33773484534680187
0.3377348453447175
0.33773484532729836
0.3377348453397213
0.33773484535296905
0.3377348453405973
0.3377348453313236
0.33773484535122766
0.3377348453537741
0.3377348453360479
0.3377348453423419
0.3377348453588095
0.3377348453501617
0.33773484533584675
0.33773484535405063
0.3377348453611628
0.33773484534466075
0.3377348453442137
0.33773484536289855
0.33773484535856924
0.33773484534138554
0.33773484535558407
0.3377348453669189
0.3377348453528949
0.3377348453458024
0.3377348453654246
0.33773484536573045
0.3377348453475917
0.3377348453561687
0.3377348453711063
0.3377348453605371
0.33773484534769627
0.3377348453666047
0.3377348453715856
0.3377348453541284
0.33773484535617593
0.33773484537381915
0.3377348453674047
0.3377348453508795
0.33773484536668774
0.337734845376107
0.3377348453606914
0.3377348453554422
0.33773484536287557
0.3377348453647755
