0.24999999999999994
0.24946103528406732
0.24833630942103016
0.24699802144050892
0.24558577002920648
0.2441525846182402
0.24271908524377594
0.24129372119292208
0.23988034787641083
0.23848106367254146
0.2370972724667817
0.2357300825214429
0.23438045739379237
0.23304927430226186
0.23173734786478936
0.2304454408941743
0.22917427026276532
0.22792451086782192
0.22669679875275
0.2254917338741861
0.22430988269778512
0.22315178053812634
0.22201793377240273
0.2209088220696561
0.21982490036585256
0.21876660070894022
0.21773433423535216
0.21672849278276002
0.21574945050976607
0.21479756561939203
0.21387318162839844
0.21297662892088728
0.21210822607667204
0.21126828101611486
0.21045709243190755
0.2096749507143321
0.2089221392103208
0.20819893522169264
0.2075056109390376
0.2068424345569966
0.20620967097336668
0.20560758287969608
0.20503643140876288
0.2044964770681653
0.20398798043679814
0.20351120291184366
0.203066407460001
0.20265385921555884
0.20227382624964668
0.2019265800773319
0.20161239640233622
0.201331555583159
0.2010843433256034
0.20087105113654918
0.20069197695806928
0.2005474256182509
0.20043770941156272
0.20036314855116413
0.20032407169899044
0.20032081642670915
0.20035372969458948
0.20042316833170004
0.20052949945946802
0.2006731009989724
0.20085436204660403
0.20107368339105353
0.20133147788500905
0.20162817091581792
0.20196420082983407
0.20234001933350756
0.2027560919782013
0.2032128984552276
0.20371093322960368
0.2042507057227536
0.20483274080526748
0.20545757941355924
0.2061257785387185
0.206837912147096
0.20759457115346935
0.20839636402289818
0.20924391733082884
0.21013787568836023
0.21107890286745035
0.21206768135021836
0.21310491357469327
0.2141913215936076
0.21532764801469884
0.21651465603478956
0.21775312996039944
0.21904387562011285
0.22038772052134303
0.22178551452806589
0.22323812977642438
0.22474646148266475
0.22631142773943633
0.22793397031601947
0.22961505445690278
0.23135566953385897
0.23315682897406112
0.23501957060672696
0.2369449568590038
0.23893407463657623
0.24098803590273493
0.2431079769843567
0.2452950595400199
0.2475504693576483
0.24987541745708458
0.25227113876366686
0.2547388927569214
0.2572799626200102
0.2598956548406547
0.26258729918670387
0.2653562471446783
0.26820387236040627
0.2711315686544884
0.27414074973544744
0.27723284793335945
0.2804093123138846
0.2836716082187557
0.2870212144375265
0.2904596220172404
0.293988332080922
0.29760885272128434
0.3013226974144284
0.3051313811271257
0.3090364171957357
0.31303931427922727
0.3171415713040828
0.32134467374554826
0.3256500887269702
0.3300592588807054
0.3345735973628624
0.339194480986203
0.3439232426516632
0.3487611645336092
0.3537094690907794
0.35876930951122027
0.36394176056556193
0.3692278071916154
0.3746283323063445
0.38014410477399774
0.38577576513390743
0.39152381009896653
0.3973885769285057
0.40337022579299636
0.40946872026391823
0.415683807219417
0.4220149952175877
0.4284615303002092
0.43502237055449
0.44169615955123537
0.4484811968819859
0.4553754067278608
0.4623763049793595
0.4694809641076278
0.476685975139302
0.48398740756797687
0.49138076754927645
0.49886095310514156
0.506422206707047
0.5140580656492121
0.5217613105484994
0.529523910822929
0.5373369679017972
0.5451906564932305
0.5530741643441219
0.5609756297031735
0.5688820774081963
0.5767793541020365
0.5846520633142689
0.5924835000440372
0.6002555860401149
0.6079488066678599
0.6155421505720213
0.6230130523630362
0.630337339970994
0.6374891882206017
0.6444410803498726
0.6511637785429283
0.6576263057955173
0.6637959415884992
0.6696382333963417
0.6751170261272447
0.6801945132532641
0.6848313118633066
0.6889865639732353
0.6926180688572879
0.6956824490375557
0.6981353504980312
0.6999316847221649
0.7010259128750783
0.7013723727790065
0.7009256541573522
0.6996410239138875
0.6974748978285065
0.6943853628064959
0.6903327466659758
0.685280233949297
0.6791945223233646
0.6720465142923856
0.6638120377683143
0.6544725845897365
0.6440160564618952
0.6324375044037808
0.6197398461709808
0.6059345442874431
0.5910422256931416
0.5750932227495152
0.5581280145640124
0.540197547402131
0.5213634134651454
0.501697868617395
0.4812836718237994
0.4602137321464495
0.43859055314934947
0.41652546942360213
0.3941376755690614
0.37155305414788187
0.34890281580509064
0.3263219716390574
0.30394766393152217
0.2819173882510223
0.2603671447276199
0.2394295605720218
0.2192320286755357
0.19989490832199666
0.18152983345127024
0.1642381717087463
0.1481096734255131
0.13322134369891903
0.11963656433036522
0.1074044840148986
0.09655968670127302
0.08712213923624865
0.0790974107925092
0.07247714855095756
0.06723978700909031
0.06335146239389719
0.06076709916546505
0.05943163261355506
0.05928133009340833
0.06024517345693932
0.0622462665887326
0.06520323443242132
0.06903158323414887
0.07364499604910414
0.07895654180766096
0.08487978108671129
0.0913297563984954
0.09822385929172947
0.10548257069361688
0.1130300745999806
0.1207947483729185
0.12870953549732259
0.13671220867478995
0.14474553261646966
0.15275733687502935
0.16070050958338836
0.16853292310571832
0.17621730241968594
0.18372104660264788
0.19101601315058683
0.1980782740714885
0.2048878518466797
0.21142844247096543
0.21768713159426237
0.223654109451325
0.2293223888023506
0.23468752941625834
0.23974737209904257
0.24450178485885427
0.24895242280552732
0.25310250218537594
0.2569565893004153
0.2605204066520413
0.26380065389149787
0.26680484330980914
0.26954115210185614
0.27201828839223774
0.2742453702595431
0.2762318187342714
0.2779872629844028
0.27952145599507205
0.280844201346049
0.2819652895886873
0.28289444325107355
0.28364126974869047
0.2842152217054579
0.28462556378818504
0.28488134523940806
0.28499137765559035
0.2849642174291649
0.2848081522636231
0.2845311912172517
0.28414105791142685
0.28364518649858594
0.28305071995438374
0.28236451037616117
0.28159312103303247
0.2807428299018646
0.2798196343828657
0.27882925700484446
0.27777715199722186
0.27666851254583014
0.27550827851515924
0.27430114452875975
0.2730515683944354
0.271763779745458
0.2704417887076176
0.26908939458198566
0.26771019458003886
0.266307592526965
0.26488480730332364
0.2634448811837628
0.26199068807471715
0.26052494156180606
0.25905020255262656
0.25756888682955115
0.2560832724402371
0.2545955066834274
0.2531076128164743
0.2516214966692826
0.25013895298454436
0.2486616712791042
0.2471912416599491
0.2457291604849303
0.24427683547595327
0.2428355907588063
0.24140667184374043
0.23999125008215463
0.23859042698695715
0.23720523858675813
0.23583665927324926
0.2344856054961584
0.2331529395588667
0.23183947289148138
0.23054596922623288
0.22927314789979575
0.22802168658572633
0.2267922240660497
0.22558536307486934
0.2244016725460526
0.22324169010386286
0.22210592441333765
0.22099485707972522
0.21990894491493018
0.2188486217617924
0.21781430023230114
0.2168063736856904
0.21582521760697804
0.2148711913421731
0.21394463958288934
0.21304589362337462
0.2121752729606789
0.2113330863132534
0.21051963301306584
0.20973520411816568
0.2089800834285074
0.20825454873065136
0.20755887255810135
0.2068933233844248
0.20625816635418456
0.20565366426687676
0.2050800783892155
0.20453766920627764
0.2040266973052879
0.20354742395850553
0.20310011201123185
0.20268502638691957
0.20230243491213817
0.20195260880677302
0.20163582342340344
0.201352358737554
0.20110250001199043
0.20088653828202524
0.2007047709643085
0.20055750232827302
0.20044504406710556
0.20036771575055445
0.2003258453677704
0.20031976976591095
0.20034983516244959
0.2004163975861794
0.20051982334429252
0.2006604894890015
0.20083878422554102
0.20105510741681026
0.20130987093906644
0.20160349920118087
0.2019364295009723
0.20230911249917338
0.20272201261424116
0.2031756084478032
0.20367039332410236
0.20420687537560872
0.20478557833283767
0.2054070418175691
0.20607182155089793
0.20678049021149109
0.20753363725541102
0.2083318698816156
0.20917581312889325
0.21006611025271202
0.2110034234872958
0.2119884337920111
0.21302184211370112
0.21410436883520434
0.21523675507874054
0.21641976226456117
0.21765417318113106
0.21894079180981713
0.22028044408966824
0.22167397798006191
0.22312226399563878
0.2246261953974874
0.2261866886095927
0.22780468339759175
0.22948114329778413
0.23121705563655975
0.23301343209782543
0.234871308439426
0.23679174530565278
0.23877582753638177
0.24082466525456664
0.24293939277865317
0.24512116983900115
0.24737118033494268
0.24969063326236934
0.25208076177877287
0.25454282331719147
0.2570780993634937
0.2596878944562355
0.2623735366571218
0.26513637575159
0.2679777836290243
0.2708991526737151
0.27390189492993317
0.2769874414397786
0.2801572399459786
0.28341275455452025
0.28675546316839023
0.2901868558051528
0.2937084329887325
0.29732170234471056
0.30102817695551876
0.30482937191088244
0.30872680068776637
0.3127219724851379
0.31681638722961597
0.3210115314853996
0.32530887408393483
0.32970985982390805
0.3342159042768046
0.3388283874469782
0.34354864596110846
0.34837796616273
0.3533175756065732
0.35836863326881807
0.3635322203514105
0.36880932933197463
0.3742008515984895
0.37970756533692
0.3853301217419466
0.39106902942500876
0.3969246386475595
0.4028971241700383
0.4089864657678207
0.4151924279871897
0.4215145388960262
0.42795206607195946
0.4345039911288174
0.4411689832404512
0.4479453700997499
0.4548311065521335
0.4618237416581808
0.46892038397044594
0.4761176637112948
0.48341169278601204
0.4907980230081253
0.4982716017515376
0.5058267246840802
0.5134569862254923
0.5211552281757732
0.5289134855656881
0.536722930009005
0.544573811013636
0.552455395874857
0.5603559073993087
0.5682624600770231
0.576160995254705
0.5840362162231368
0.5918715228991587
0.5996489470200892
0.6073490887749929
0.614951056207943
0.6224324077112374
0.6297690989571745
0.6369354358573386
0.6439040354065244
0.6506457955218072
0.6571298758967041
0.6633236924726235
0.669192927654071
0.6747015583229224
0.679811904947215
0.6844847048671966
0.6886792115306039
0.6923533237280307
0.6954637494560779
0.6979662033311814
0.6998156444093714
0.7009665579595104
0.7013732787265863
0.7009903619221629
0.699773004820756
0.6976775149376725
0.6946618283376165
0.6906860755115628
0.6857131937807042
0.679709580852149
0.6726457839686608
0.6644972184030165
0.6552449051255903
0.6448762165165748
0.6333856168801727
0.6207753822065417
0.6070562819606072
0.5922482040242342
0.576380702618789
0.5594934482111777
0.541636558163122
0.522870787334137
0.5032675590891944
0.4829088192687061
0.46188669869483245
0.44030297371787125
0.4182683191049334
0.3959013531400732
0.3733274808955186
0.3506775485702307
0.3280863279984274
0.30569085741588703
0.28362867079459597
0.26203595320024153
0.24104566397299332
0.22078567240528202
0.20137695191402596
0.18293187821914628
0.16555267523601414
0.1493300477462885
0.1343420349851125
0.12065311222583416
0.10831355946643649
0.09735910782764931
0.08781086546536065
0.0796755161553866
0.07294577562083249
0.06760108348949043
0.06360850277287156
0.06092379415150706
0.05949262924725435
0.05925190548882141
0.060131125082805506
0.06205380184862498
0.06493886197933141
0.06870200840069397
0.07325702217288904
0.07851697899769913
0.08439536358664522
0.09080706933689746
0.09766927526896
0.10490219634595568
0.11242970701158367
0.12017984097902029
0.12808517293942742
0.13608308992975301
0.1441159616239847
0.15213121982840616
0.16008135802207937
0.16792386194986939
0.17562108211193272
0.18314005856560056
0.19045230782545192
0.1975335808703946
0.20436360039396848
0.21092578463016654
0.21720696385704857
0.2231970951809649
0.22888898014649106
0.23427798865849034
0.23936179206146074
0.24414010836526484
0.24861446078872418
0.25278795115341707
0.25666504722643374
0.2602513873355934
0.2635536008030456
0.26657914180590536
0.26933614031552366
0.2718332674406564
0.27407961316216367
0.27608457834361627
0.27785777898209973
0.279408961172943
0.2807479269614763
0.28188446997235844
0.2828283198841576
0.28358909466016
0.2841762603446677
0.2845990973824685
0.28486667277982436
0.28498781745097024
0.28497110833172357
0.2848248545840173
0.2845570873966077
0.2841755529446112
0.28368770815695643
0.2831007188473899
0.2824214598643101
0.28165651700821515
0.2808121904548229
0.2798944994070386
0.2789091877161877
0.27786173039012063
0.2767573407921623
0.2756009783617108
0.2743973566497344
0.27315095171890297
0.27186601076098166
0.2705465608032307
0.26919641736181354
0.2678191931742875
0.26641830690100154
0.26499699162953544
0.263558303184266
0.2621051283656168
0.2606401930409338
0.2591660698235245
0.2576851856059571
0.2561998289531904
0.25471215718159135
0.25322420304031473
0.2517378813143638
0.25025499523750433
0.24877724237731336
0.2473062204232342
0.24584343287309865
0.24439029423303926
0.24294813500287743
0.24151820666364354
0.24010168624327766
0.2386996805767624
0.23731323065348986
0.23594331558367096
0.2345908562274536
0.23325671898061703
0.23194171916924375
0.23064662414716822
0.2293721566018264
0.22811899739895064
0.22688778825782932
0.225679134637861
0.22449360806149654
0.22333174849268322
0.22219406680461048
0.22108104666008627
0.21999314671162593
0.21893080256625166
0.21789442842343823
0.21688441908306116
0.21590115139829566
0.21494498589108813
0.2140162683779719
0.21311533114518968
0.2122424945578411
0.21139806815761783
0.21058235193785158
0.2097956375950113
0.20903820943902285
0.20831034569855564
0.20761231928994742
0.20694439895391403
0.20630685008787847
0.20569993561686972
0.2051239169252796
0.2045790545082818
0.20406560893451547
0.2035838413883754
0.2031340145685267
0.20271639321382773
0.20233124489437965
0.20197884054923565
0.20165945517647585
0.20137336837742664
0.20112086497096363
0.2009022355283537
0.20071777693961954
0.2005677929237616
0.20045259457003203
0.20037250081420543
0.20032783896899448
0.20031894516610727
0.20034616487808293
0.20040985333911715
0.2005103760441096
0.20064810917789597
0.2008234400625291
0.20103676762750802
0.2012885027902922
0.20157906896885647
0.2019089024236606
0.20227845276685047
0.20268818328671595
0.20313857150955547
0.20363010961369493
0.2041633044639089
0.2047386785915074
0.20535677037002809
0.206018134235911
0.20672334154817545
0.20747298039073309
0.20826765658729132
0.20910799375083944
0.2099946336940868
0.21092823716678627
0.21190948361166867
0.2129390724345323
0.2140177224421817
0.21514617315271634
0.21632518435228876
0.2175555371612189
0.21883803387459966
0.22017349870267505
0.22156277786720063
0.2230067400968474
0.22450627686764008
0.22606230276608058
0.22767575572939808
0.22934759741084337
0.23107881327110666
0.23287041307418788
0.23472343068125268
0.23663892479176538
0.2386179783243752
0.24066169944962557
0.24277122054537287
0.2449476994043343
0.24719231797507243
0.24950628335091452
0.251890826752143
0.25434720375610076
0.2568766939623427
0.2594806001087008
0.2621602484713765
0.2649169870983805
0.26775218624180164
0.2706672366593394
0.2736635489212512
0.2767425526357372
0.2799056942398247
0.28315443668327456
0.28649025679225626
0.28991464373871134
0.29342909732280514
0.29703512464619003
0.3007342385375449
0.3045279540011209
0.3084177847578396
0.31240524053688684
0.3164918220781104
0.32067901719949954
0.32496829633230273
0.3293611062962186
0.3338588652390314
0.3384629561976692
0.3431747194075814
0.3479954455165214
0.3529263669948575
0.35796864848681376
0.36312337773988246
0.3683915545872921
0.37377407872961954
0.37927173777596757
0.3848851934020644
0.39061496590091804
0.39646141860823947
0.4024247407278862
0.40850492797503635
0.41470176254765084
0.4210147919278131
0.42744330496570193
0.43398630660327253
0.4406424915899468
0.4474102154786941
0.4542874634519973
0.46127181763990366
0.46836042249081083
0.4755499471050395
0.4828365454585904
0.49021581489190025
0.49768275184431665
0.5052317047897881
0.5128563249207151
0.5205495150086265
0.5283033753446409
0.536109147278929
0.5439571547340383
0.5518367442707275
0.5597362228622761
0.5676427941730555
0.5755424938345662
0.5834201245870154
0.591259190873649
0.5990418339629324
0.6067487684671142
0.6143592215572563
0.6218508750876204
0.6291998121236018
0.6363804694081546
0.6433655975737512
0.650126230135351
0.6566316634093701
0.6628494498815062
0.6687454070950821
0.6742836441035227
0.6794266089298733
0.6841351598029443
0.6883686621480591
0.6920851155512249
0.6952413147378939
0.6977930439876971
0.6996953120795428
0.7009026303832977
0.7013693325457258
0.7010499418856714
0.6998995892126636
0.6978744769070736
0.6949323934728912
0.691033275805851
0.6861398181838626
0.6802181226320225
0.6732383854340658
0.6651756138699247
0.6560103625587682
0.6457294791002457
0.6343268455206774
0.6218041002510388
0.6081713235518991
0.5934476676259121
0.577661911329299
0.5608529185297361
0.5430699788657419
0.5243730100553196
0.5048326020770934
0.4845298855836502
0.4635562098510186
0.44201261942732306
0.4200091233769396
0.3976637565300886
0.375101438263027
0.35245264088788775
0.32985188678374483
0.30743609928479576
0.2853428394406424
0.26370846570468653
0.24266625805134948
0.22234455102235107
0.2028649216606353
0.1843404779866813
0.1668742916735439
0.1505580149250688
0.13547071560457064
0.12167795857768127
0.10923115296852626
0.09816717661231104
0.08850828019669119
0.08026226491258451
0.07342291929048372
0.06797069363333227
0.06387358435967508
0.061088195849512805
0.059560944161431706
0.0592293652961589
0.060023490468899716
0.06186725200431115
0.06467988579864804
0.06837729946539522
0.07287337954519427
0.07808121535870324
0.08391422189490905
0.09028714882459996
0.09711696725047361
0.10432363000225497
0.11183070504079617
0.11956588477292127
0.12746137675954455
0.13545418341453436
0.14348627985790613
0.15150470014141076
0.15946154265885096
0.16731390574813831
0.17502376435210568
0.18255779819531975
0.18988718131743593
0.19698734203556986
0.20383770155679773
0.21042139862835016
0.216725006360334
0.22273824703991427
0.22845370934474016
0.23386657160952473
0.23897433411996394
0.2437765633520004
0.24827464948538666
0.2524715784303647
0.2563717180916646
0.2599806218192971
0.2633048474362664
0.26635178998086595
0.26912953155442587
0.27164670544325925
0.273912372828346
0.2759359138172133
0.27772693079271127
0.2792951624345396
0.2806504088377036
0.2818024664255612
0.28276107171181175
0.2835358529498929
0.2841362893869502
0.2845716771055439
0.28485110072090114
0.2849834103540554
0.2849772033978806
0.2848408104206249
0.2845822846903282
0.28420939490816666
0.28372962077523833
0.2831501509441297
0.2824778830198137
0.2817194253531857
0.28088110036097175
0.279968949078225
0.27898873671087254
0.27794595908720876
0.2768458498142745
0.27569338794785714
0.2744933060077024
0.27325009836228986
0.27196802983946455
0.2706511444082825
0.26930327384246827
0.26792804645991497
0.2665288958355741
0.2651090692940641
0.26367163624894674
0.26221949646066345
0.2607553881380068
0.25928189562176374
0.2578014569540279
0.2563163712973007
0.25482880600559876
0.2533408033417375
0.25185428711141555
0.25037106908162565
0.24889285487829518
0.2474212498130277
0.24595776458876561
0.24450382049197156
0.2430607544214373
0.24162982389958526
0.2402122116231161
0.23880902976403995
0.23742132434315866
0.23605007917765186
0.23469621954876604
0.23336061601244068
0.23204408777300492
0.23074740581946407
0.22947129625037097
0.22821644309827724
0.22698349104602583
0.22577304832048273
0.2245856890020151
0.22342195544725954
0.22228236074141658
0.2211673905883373
0.220077505543034
0.21901314294953347
0.2179747186105481
0.21696262880252898
0.21597725171322327
0.21501894909619182
0.2140880678722259
0.2131849413261036
0.2123098907257109
0.21146322640343476
0.21064524906513854
0.20985625101785926
0.209096517103374
0.20836632600519003
