0.24999999999999994
0.24557158165108497
0.23642053978646432
0.22569143058786106
0.2145607902134276
0.20347257704003152
0.19259918091622674
0.18201190451127486
0.17174379939623596
0.16181279387671968
0.1522301993463299
0.1430038404394278
0.13413921471767362
0.1256399368003857
0.11750792888819642
0.10974352806545568
0.10234557152397414
0.09531148226362254
0.08863736142548631
0.08231808849492347
0.07634742852548945
0.0707181443216027
0.065422111462248
0.060450434173178635
0.0557935600995616
0.05144139227200284
0.047383396781549014
0.04360870494597793
0.04010620905538562
0.0368646510153538
0.03387270344222268
0.0311190429771058
0.02859241576963903
0.026281695237809988
0.02417593233695431
0.022264398670726132
0.020536622851905134
0.018982420573837006
0.017591918885185798
0.01635557516226907
0.01526419131467599
0.014308923714902583
0.013481289358709375
0.01277316866729633
0.012176805419795073
0.011684804295684886
0.011290126015894325
0.010986081201960901
0.010766322260808675
0.010624834505620628
0.010555926081564054
0.010554217241122599
0.010614629217424343
0.010732372531410045
0.010902935201392572
0.011122070911823767
0.011385787044596002
0.011690332882392157
0.012032188052393755
0.012408051079865479
0.012814828239633258
0.013249622818935824
0.013709724639696469
0.014192599908463055
0.01469588155748125
0.015217359941282843
0.015754973831515973
0.01630680191937109
0.016871054733022278
0.017446066794512938
0.018030289266338956
0.01862228303952662
0.019220711989614003
0.01982433670059791
0.020432008620169057
0.02104266430514451
0.0216553201399588
0.02226906742563911
0.02288306748630725
0.02349654730273007
0.024108795378038783
0.024719157591748975
0.025327033669745508
0.025931873638618153
0.026533174396758286
0.027130476872822717
0.02772336290167432
0.02831145257820561
0.02889440180921904
0.02947189964407923
0.03004366633702174
0.030609450997738347
0.03116902968412555
0.0317222036615982
0.03226879737897925
0.03280865720966977
0.03334164955383498
0.033867659693553015
0.03438659030109939
0.0348983601723733
0.03540290322215758
0.03590016707359783
0.03639011244096105
0.036872711694159926
0.037347948443360174
0.03781581623209926
0.03827631816544852
0.03872946581469472
0.03917527882123531
0.03961378402207533
0.04004501501907967
0.0404690114951648
0.04088581876921188
0.04129548725400095
0.04169807203180137
0.04209363239753289
0.042482231496886985
0.04286393589541165
0.04323881532454854
0.04360694221706976
0.043968391606448054
0.0443232405741035
0.04467156833874683
0.045013455579066636
0.04534898472184437
0.04567823914849364
0.046001303624764595
0.04631826349035423
0.04662920507170104
0.04693421504673745
0.0472333806255375
0.0475267892855063
0.047814528558380115
0.04809668622543101
0.04837334971350926
0.04864460660763498
0.04891054394659397
0.04917124863388561
0.04942680710064032
0.04967730520190444
0.04992282848357399
0.05016346157187418
0.050399288734269104
0.05063039334426589
0.050856858044860453
0.051078764858655534
0.05129619469128449
0.051509227891874204
0.051717943736231925
0.05192242058704438
0.05212273607973952
0.052318966585018445
0.0525111877617479
0.05269947421068724
0.05288389939631191
0.053064536058470085
0.053241455652115854
0.053414728700014735
0.05358442485472972
0.053750612438584866
0.053913358978573245
0.054072730953067666
0.05422879360331459
0.05438161141525516
0.054531247699035085
0.054677764652352856
0.054821223713810374
0.054961685079916583
0.05509920794495671
0.055233850730083384
0.055365670596587646
0.05549472378564346
0.05562106576068901
0.055744750737859616
0.055865832068151544
0.0559843623384258
0.056100392917279696
0.056213974340378337
0.05632515641175623
0.056433987757732174
0.05654051618321726
0.05664478880804574
0.05674685163019136
0.05684674981593915
0.05694452789876023
0.05704022937035663
0.05713389685705711
0.05722557240013332
0.05731529711126218
0.05740311118307129
0.05748905425546741
0.05757316518182093
0.05765548183860619
0.05773604155636547
0.057814881031063
0.05789203596063128
0.05796754146497329
0.05804143214590887
0.05811374168703165
0.05818450309633405
0.05825374893697283
0.058321511026038914
0.05838782037501322
0.058452707572876794
0.058516202668163014
0.05857833482478722
0.05863913274460775
0.05869862472646428
0.05875683828168515
0.058813800315454384
0.05886953739443532
0.058924075522002184
0.058977439932532655
0.05902965551630887
0.05908074679826153
0.059130737536458644
0.05917965102366898
0.05922751027823353
0.05927433776724805
0.05932015529135465
0.05936498438655402
0.05940884626985782
0.05945176143761921
0.059493750011626045
0.05953483189812683
0.05957502649519786
0.059614352603273274
0.05965282881987738
0.059690473480594114
0.05972730425295117
0.059763338484516204
0.05979859336323157
0.05983308563382714
0.059866831481986904
0.059899846939649226
0.05993214784030687
0.05996374940554375
0.05999466656315036
0.0600249141325746
0.06005450657048375
0.060083457791276024
0.060111781592652735
0.060139491637575704
0.06016660104075022
0.06019312262485596
0.060219069148684246
0.060244453098678596
0.0602692864238962
0.06029358098020665
0.06031734854729198
0.060340600431804614
0.060363347629721203
0.0603856011095002
0.060407371659148085
0.060428669536619156
0.06044950491206669
0.06046988792998276
0.06048982834985098
0.06050933558716973
0.06052841905766951
0.06054708807901732
0.06056535146523992
0.06058321792382751
0.06060069617848454
0.06061779466641004
0.060634521440809996
0.06065088457198026
0.06066689210119164
0.060682551615911934
0.06069787055655865
0.060712856411930444
0.06072751648784383
0.060741857669255245
0.06075588686131317
0.06076961099455694
0.060783036618102526
0.06079617007762769
0.06080901778957454
0.060821586085746504
0.06083388085802441
0.06084590800224857
0.060857673480565644
0.06086918296400065
0.06088044185623756
0.06089145564509993
0.060902229812923314
0.060912769419572715
0.06092307948531431
0.060933165127083244
0.06094303127169401
0.060952682517176865
0.060962123547323444
0.0609713591002827
0.06098039354240534
0.06098923113636043
0.060997876261371764
0.06100633320930457
0.06101460589521418
0.06102269830648188
0.061030614527463695
0.06103835834726801
0.06104593337622827
0.061053343352114486
0.061060592013687964
0.06106768270902779
0.06107461882041945
0.061081403856845434
0.061088041125562514
0.06109453367945519
0.06110088470008748
0.061107097435911
0.0611131747728014
0.061119119567093955
0.061124934821249616
0.06113062343659326
0.06113618799505946
0.06114163119544497
0.06114695584983312
0.061152164468683406
0.06115725945390954
0.0611622433632332
0.061167118748378935
0.0611718878016409
0.06117655280176354
0.06118111617150521
0.06118558011581676
0.06118994664774205
0.06119421793764182
0.061198396222700846
0.061202483386132406
0.06120648133901127
0.061210392156533705
0.0612142177922535
0.0612179599313076
0.06122162040654891
0.06122520116918906
0.061228703860836314
0.06123213007268108
0.06123548157020295
0.06123876009485396
0.0612419670614604
0.06124510400820407
0.06124817262546903
0.06125117436672711
0.06125411054818919
0.06125698266247773
0.061259792258954754
0.061262540542776356
0.06126522879244137
0.06126785846031091
0.061270430851980445
0.06127294705165859
0.06127540831283956
0.061277816003664
0.06128017117486634
0.06128247487634028
0.06128472834379345
0.06128693276272637
0.06128908902720717
0.06129119818056469
0.06129326141952046
0.061295279683654946
0.06129725382459297
0.06129918488289582
0.061301073937496314
0.06130292173619328
0.06130472913620241
0.06130649717228204
0.061308226704717694
0.06130991841710845
0.061311573177347534
0.061313191957090174
0.061314775404903876
0.06131632421141986
0.06131783925914938
0.061319321350045725
0.06132077103038516
0.06132218901493258
0.06132357616700171
0.06132493307326975
0.06132626027774152
0.06132755852129998
0.061328828557698084
0.06133007082791281
0.061331285910215694
0.06133247455951568
0.06133363732777122
0.06133477463347842
0.06133588708967419
0.06133697539613264
0.061338039927758464
0.06133908113862513
0.06134009967658005
0.061341096076221235
0.06134207065318664
0.061343023905833516
0.06134395647106536
0.06134486869204195
0.06134576091108096
0.061346633672062695
0.061347487500080844
0.06134832263241932
0.061349139464048186
0.06134993856201634
0.061350720262744574
0.061351484811246304
0.06135223265381448
0.06135296430094128
0.06135367994191124
0.06135437987674974
0.06135506459784748
0.06135573445081435
0.06135638960007361
0.06135703040313187
0.06135765734140344
0.061358270589275565
0.061358870358762585
0.06135945706520443
0.06136003107046395
0.061360592477565895
0.061361141562831484
0.06136167876644988
0.0613622042724577
0.061362718214313106
0.06136322093089547
0.06136371279758171
0.06136419387897543
0.06136466437635535
0.06136512467923874
0.06136557499728007
0.0613660153975914
0.061366446147692794
0.06136686762001048
0.06136727987173149
0.061367683032569675
0.061368077434780566
0.06136846332117074
0.06136884070761614
0.061369209795391566
0.061369570937846896
0.061369924209993376
0.06137026967556683
0.06137060760596086
0.061370938276356674
0.06137126166953244
0.06137157792490036
0.06137188736366023
0.061372190095647455
0.06137248612729379
0.06137277567035751
0.061373059018240556
0.06137333614706944
0.06137360713642537
0.06137387226543978
0.061374131687629285
0.061374385363980904
0.06137463345005714
0.06137487623817517
0.06137511372452284
0.061375345931330816
0.061375573088988916
0.06137579539549343
0.06137601278151514
0.061376225349369096
0.06137643337426979
0.06137663689116632
0.061376835870730395
0.06137703049197962
0.06137722098803819
0.06137740727989463
0.061377589418422224
0.0613777676490726
0.06137794205630892
0.061378112568412774
0.06137827931496437
0.061378442543402356
0.061378602192608434
0.061378758262279204
0.06137891095886058
0.061379060419192916
0.061379206541769815
0.06137934940871645
0.06137948926328479
0.061379626083099936
0.06137975982003055
0.06137989063583482
0.06138001871447543
0.06138014394101973
0.061380266351744345
0.06138038617070643
0.061380503427309885
0.06138061803245071
0.061380730102994
0.061380839851078006
0.06138094717412196
0.06138105206195374
0.06138115470796074
0.06138125519858431
0.06138135341414783
0.06138144942795595
0.06138154345964733
0.061381635442296356
0.06138172532048494
0.06138181324902375
0.06138189936890695
0.06138198354386179
0.06138206580477498
0.06138214636169473
0.06138222519892808
0.061382302220606894
0.06138237753980183
0.0613824513384206
0.06138252348461548
0.06138259396668763
0.061382662971615654
0.06138273054281629
0.06138279655238629
0.06138286107245439
0.06138292430349504
0.061382986143752066
0.06138304653829488
0.061383105641187624
0.06138316355515597
0.061383220132317395
0.06138327540462646
0.06138332957212961
0.06138338258145626
0.06138343433735169
0.06138348495508961
0.06138353458830226
0.06138358308578551
0.061383630439663855
0.061383676834224826
0.061383722275128866
0.06138376663337347
0.061383809985050525
0.06138385251321393
0.06138389408911171
0.06138393466347461
0.06138397439317972
0.061384013345930244
0.061384051369236
0.06138408850052346
0.061384124931488676
0.06138416057696086
0.061384195347410936
0.06138422936434704
0.06138426275290537
0.061384295351064766
0.06138432715802836
0.061384358357055024
0.06138438892006945
0.061384418722119166
0.061384447846714374
0.061384476459328596
0.06138450441094942
0.06138453166131058
0.061384558371863546
0.06138458457753862
0.0613846101265092
0.06138463506463401
0.06138465957524303
0.06138468354637305
0.06138470689772674
0.06138472975929676
0.061384752227333444
0.061384774135406245
0.06138479549201975
0.06138481647960098
0.06138483703968731
0.061384857055112874
0.06138487661912867
0.06138489587810517
0.0613849146689327
0.06138493296237421
0.061384950924924575
0.06138496856048847
0.06138498572192638
0.06138500246551945
0.061385018965010946
0.06138503508623652
0.06138505076047249
0.06138506612698791
0.061385081253342993
0.061385095973057135
0.06138511030564156
0.06138512443181962
0.06138513826580583
0.061385151700923374
0.06138516484172565
0.06138517781295677
0.06138519044335636
0.061385202715774884
0.06138521480126685
0.06138522667428803
0.06138523819548736
0.06138524943290649
0.06138526054858731
0.06138527139064279
0.061385281903399175
0.061385292235340894
0.061385302425460336
0.061385312310759776
0.06138532192290341
0.061385331439236274
0.06138534074969118
0.06138534976000448
0.061385358586940636
0.06138536733076022
0.06138537581759845
0.06138538404285751
0.061385392180943604
0.061385400178493865
0.06138540790634292
0.06138541544519224
0.06138542294258337
0.061385430233477145
0.06138543727605955
0.06138544422731204
0.061385451097901056
0.06138545773120421
0.06138546417180937
0.061385470591385605
0.06138547685877721
0.061385482893450055
0.06138548882423259
0.06138549472558849
0.06138550042464136
0.06138550592994321
0.06138551141747378
0.06138551680788504
0.0613855219840376
0.06138552703989705
0.061385532105162094
0.06138553700644098
0.06138554171605776
0.06138554639824714
0.06138555103583876
0.06138555548096425
0.061385559791653305
0.06138556413109855
0.06138556835051878
0.06138557238393358
0.0613855763715396
0.061385580361160985
0.06138558418383999
0.06138558786172235
0.061385591570115194
0.06138559520582346
0.06138559866511564
0.06138560205562102
0.06138560548542388
0.061385608777880574
0.061385611919297534
0.061385615079481703
0.061385618214248816
0.0613856211864344
0.06138562406785808
0.06138562701001371
0.061385629850306545
0.061385632537719836
0.061385635222711205
0.06138563792598217
0.06138564048501924
0.06138564293586027
0.0613856454504961
0.06138564790439466
0.0613856502082224
0.06138565248300487
0.06138565481265559
0.06138565702116272
0.061385659108812274
0.06138566124892511
0.06138566337151832
0.06138566535170836
0.0613856672753387
0.06138566927861541
0.06138567118934407
0.06138567297151876
0.06138567478439086
0.061385676621465324
0.06138567832884298
0.06138567995665434
0.06138568167057881
0.06138568332767513
0.061385684853650896
0.06138568638205691
0.06138568797127772
0.06138568944870121
0.061385690828764994
0.06138569228590751
0.06138569372599337
0.06138569503766325
0.06138569632094204
0.06138569769282751
0.06138569897617763
0.061385700149717115
0.061385701379698066
0.06138570263279747
0.0613857037655777
0.06138570484239672
0.06138570601930732
0.061385707138335494
0.061385708140555606
0.06138570917085709
0.061385710261189996
0.061385711244796415
0.06138571215038091
0.061385713150792665
0.061385714129847724
0.061385714990645684
0.0613857158473069
0.0613857167939694
0.061385717653082816
0.06138571841771001
0.061385719259007515
0.06138572011765847
0.061385720862232984
0.061385721571407065
0.061385722387993086
0.06138572314282942
0.061385723792386104
0.06138572449140833
0.06138572524497787
0.06138572589435101
0.061385726482577146
0.061385727177916405
0.06138572784471516
0.06138572840117559
0.06138572897468314
0.06138572963470487
0.0613857302061695
0.061385730696507435
0.06138573127939623
0.06138573187083912
0.06138573235267436
0.06138573281795709
0.06138573339236025
0.0613857338998631
0.06138573431207661
0.061385734791835955
0.061385735317405515
0.061385735739934416
0.061385736116868844
0.06138573660859986
0.061385737063069906
0.06138573741394798
0.061385737800737805
0.06138573826702484
0.061385738642714544
0.06138573894964949
0.06138573936136793
0.06138573977099787
0.06138574007462988
0.06138574037971836
0.06138574079068518
0.06138574112940881
0.06138574138213282
0.06138574171774269
0.06138574208822978
0.06138574235624131
0.06138574259365562
0.061385742949441685
0.06138574325869908
0.061385743470656146
0.06138574373551692
0.061385744070270004
0.06138574431202504
0.061385744497067074
0.061385744795864144
0.06138574508097103
0.061385745263445646
0.06138574546455339
0.061385745764869576
0.0613857459876436
0.061385746133570174
0.06138574637527733
0.06138574663952728
0.06138574680180317
0.06138574694843882
0.06138574721316195
0.06138574742229036
0.061385747540437574
0.06138574772682387
0.061385747971627325
0.06138574812112299
0.061385748226058384
0.06138574845063602
0.061385748649641136
0.0613857487495488
0.06138574888437498
0.06138574910937811
0.06138574925176349
0.0613857493266943
0.06138574950796977
0.061385749698669945
0.06138574978818803
0.061385749877329365
0.06138575008049746
0.06138575021979353
0.06138575027477958
0.061385750411745044
0.06138575059434795
0.061385750679727874
0.06138575073310845
0.061385750908968445
0.06138575104763272
0.06138575109118147
0.06138575118505932
0.06138575135824195
0.06138575144421496
0.0613857514726216
0.06138575161559934
0.06138575175459904
0.061385751793737287
0.06138575184805056
0.06138575200902771
0.06138575209887184
0.06138575211164693
0.061385752218504286
0.061385752357379225
0.06138575239771449
0.06138575241921887
0.06138575256292972
0.06138575265852725
0.061385752663624976
0.0613857527335146
0.061385752870430826
0.061385752916203906
0.06138575291496498
0.06138575303409774
0.061385753135984406
0.061385753140018845
0.06138575317453146
0.061385753306327395
0.06138575336045754
0.061385753345476024
0.0613857534349298
0.061385753542336996
0.06138575355062345
0.061385753553989314
0.06138575367605398
0.06138575374017735
0.06138575371917612
0.061385753776348806
0.061385753887239686
0.06138575390382989
0.061385753884743544
0.06138575398926033
0.06138575406376312
0.06138575404321939
0.06138575406803942
0.06138575417913994
0.061385754206852355
0.06138575417422554
0.06138575425447795
0.06138575433852492
0.06138575432369803
0.06138575431865115
0.06138575442547661
0.06138575446592265
0.06138575442746319
0.06138575447930597
0.06138575457086454
0.061385754565819656
0.06138575453729239
0.06138575463285034
0.06138575468645632
0.06138575464869006
0.06138575467057056
0.06138575476643157
0.06138575477406025
0.06138575473100327
0.0613857548071694
0.06138575487319581
0.06138575484148498
0.06138575483446129
0.06138575493025722
0.0613857549522947
0.06138575490254636
0.06138575495377452
0.06138575503033217
0.06138575500889176
0.061385754977073465
0.061385755066868275
0.061385755103908424
0.06138575505416777
0.06138575507754629
0.06138575516161038
0.06138575515352149
0.06138575510532607
0.0613857551803855
0.06138575523189371
0.0613857551877329
0.06138575518299655
0.06138575527041873
0.06138575527764045
0.06138575522113468
0.06138575527460735
0.061385755338931425
0.06138575530480658
0.061385755274353526
0.06138575535986596
0.06138575538324534
0.06138575532538523
0.06138575535308238
0.061385755427462
0.06138575540672217
0.06138575535741064
0.06138575543284697
0.06138575547212771
0.061385755418767146
0.061385755419170546
0.061385755499745315
0.061385755494640704
0.06138575543483135
0.06138575549209946
0.061385755545929316
0.06138575550182698
0.06138575547609615
0.061385755557912536
0.06138575556960102
0.06138575550656328
0.06138575554025233
0.06138575560618928
0.06138575557501513
0.06138575552777961
0.06138575560401052
0.06138575563256346
0.061385755572481104
0.061385755579866974
0.06138575565438484
0.0613857556387252
0.06138575557836515
0.06138575564003976
0.061385755684446985
0.06138575563242277
0.061385755613473036
0.06138575569196597
0.06138575569332827
0.061385755627464234
0.061385755667986625
0.061385755726160895
0.0613857556862209
0.06138575564371909
0.061385755720385266
0.06138575573920174
0.061385755674379705
0.06138575568985177
0.06138575575863203
0.06138575573372926
0.06138575567512336
0.061385755741123316
0.0613857557767544
0.06138575571844909
0.0613857557076736
0.06138575578282823
0.06138575577484556
0.0613857557081329
0.061385755755710814
0.06138575580644795
0.06138575575906555
0.06138575572354882
0.06138575579977856
0.061385755809531345
0.06138575574164207
0.06138575576574687
0.06138575582881531
0.061385755795695746
0.06138575574087132
0.061385755810589915
0.061385755837828404
0.06138575577462774
0.06138575577291566
0.061385755844475975
0.06138575582789518
0.06138575576208391
0.06138575581646241
0.061385755859873326
0.06138575580616343
0.061385755778999795
0.061385755854150015
0.06138575585532141
0.06138575578585234
0.061385755818701426
0.06138575587590986
0.06138575583543143
0.0613857557862528
0.061385755858669205
0.061385755877745474
0.061385755810886844
0.061385755818728516
0.061385755886299465
0.06138575586173309
0.06138575579844374
0.06138575585898706
0.061385755895061345
0.061385755836022016
0.061385755815918236
0.06138575584438674
0.06138575585166314
