0.24999999999999994
0.24698802231544348
0.24439204967860234
0.24548728303480888
0.2503582474701065
0.2580360275226421
0.266850064170447
0.27458795650224416
0.278833621622531
0.27747819725120015
0.269264199757651
0.2541779213558254
0.23352833140413562
0.20964334361805126
0.1852556965220182
0.16278622429764417
0.14379024423278688
0.12876810854299486
0.11737564749100354
0.10889062321723622
0.1026943630835721
0.09855649855257109
0.09663227342318992
0.09722061664928486
0.10042214886801323
0.10585561270662724
0.11255155741241593
0.1190709372620114
0.12381865795921262
0.1254562863045932
0.1232790142013932
0.11742311409011227
0.10881903106016219
0.09889370141387951
0.0891239370869438
0.08060715809891467
0.07381099614300657
0.06858608778910769
0.06441238494554219
0.060754154814086525
0.057365606406390934
0.05442571509468119
0.05246162152325712
0.05210549232712486
0.05378794172411569
0.057487559859236814
0.0626322404387338
0.06819490142254092
0.07295971282131952
0.07587382783441243
0.07636362624421034
0.07449950613335493
0.07094337863875283
0.06669401306542827
0.06272608213202024
0.059663255562212414
0.057611643181165906
0.05621194421504888
0.05487736603831994
0.05311041598182803
0.05076533661281574
0.048151201550704625
0.04593754105820336
0.04490138315794545
0.04561358829891643
0.048184385779191596
0.05216720877633896
0.05666356774868653
0.060598199390925755
0.06306832351048347
0.06363847345114532
0.062468325966559546
0.06022270314703548
0.05779808084276761
0.05597376726789066
0.05512635986147918
0.05511924177406918
0.05540616532360082
0.05530076237893189
0.05429856316104392
0.052320148255157795
0.04977813832645395
0.047441225775281926
0.04614738929673934
0.04647649266793913
0.04850889492927357
0.05176562058029738
0.055357870187805025
0.05829358791796346
0.05982663119591425
0.059714902840938555
0.05828712545799508
0.05629230345517039
0.05459211029876748
0.05381910925045208
0.05413667785515125
0.055194412375044855
0.05629341424459139
0.05669201593477663
0.05592778445213453
0.05402679596079496
0.05151672661035123
0.0492375568833206
0.048022668810321634
0.04837389250980445
0.05025744807103144
0.05310213115316936
0.05600332805832098
0.05805606193485152
0.05868874498292981
0.057867736925574786
0.05609287034374211
0.05418652445641625
0.05296067252255654
0.05289446710851792
0.053949919132478485
0.055597393014810426
0.05703883608339716
0.057538532401680775
0.05672940299688767
0.05477324307877823
0.05231106574655975
0.050222080775887024
0.04928484685211765
0.04987285759623333
0.05180416143312955
0.05440512504744566
0.0567648935698129
0.05808202437623228
0.057967947664407826
0.05658839256448028
0.05458763803589689
0.05282625663039292
0.05203669055152982
0.05253311709665187
0.0540899638738121
0.05603621188303165
0.05752720449818294
0.05788585618671954
0.05687818338129186
0.05481418686131023
0.052433815615769874
0.05062212678393996
0.05006493508022919
0.05097998711811158
0.0530295595239878
0.05544950586370717
0.057344776790901
0.05803574986583443
0.057319430907526725
0.05554299289284803
0.05346113642242534
0.05193407762765312
0.051585742402635915
0.05255713516670746
0.054451919639003865
0.0564951911158022
0.05784236243794588
0.05791609551963217
0.05663832242717709
0.05446572724919835
0.05221432068180387
0.05074166269574215
0.05061139122005337
0.05187193931425205
0.054036693784808854
0.05627375157116987
0.0577309206592575
0.05786824660998646
0.05666729196735887
0.05463495960095066
0.052600677166484144
0.051387211834631186
0.05148507877799302
0.052858882551543696
0.05496174376266294
0.056951892420500805
0.05802590956481912
0.057737242697761204
0.056174455559554026
0.05392885156430788
0.05186395376073605
0.0507773099514065
0.051087570692119166
0.05267000150165718
0.05490529669254818
0.0569226347200692
0.0579413991198961
0.05757708301469794
0.0559909941357708
0.0538249460242759
0.051946862676607086
0.05110769624520939
0.051644906215860154
0.05334929011586059
0.05554753182671107
0.05736785966623853
0.0580841300926207
0.05740280068621417
0.05557973095913371
0.05332070449172144
0.051504682395091705
0.05083860716363148
0.051579595648870935
0.05343391148898108
0.05567255362648177
0.057418004420394964
0.05798925615266137
0.057169271799128285
0.055289602661141524
0.05309893223854267
0.05146743321632963
0.051043465205267535
0.05199785480050845
0.05395645142130995
0.05614748132974118
0.05770564344269202
0.05801318733140626
0.05694365346412433
0.05491226033619617
0.052713025759028476
0.05120667163288789
0.05098213675722241
0.05212495600235184
0.054183720776722955
0.05634784958459721
0.05776667882181541
0.057884222563287235
0.056657784340073236
0.054574364371514916
0.0524584563235424
0.05114698286781921
0.051159420745082285
0.05249303025505925
0.05462381725113896
0.056712837903954816
0.05793660566862441
0.05781149753147602
0.05638441159070667
0.05421457552047615
0.052153628098758564
0.051010529779322134
0.05123322523801305
0.05273240503896537
0.05491677028352038
0.05692591730819796
0.05796913278101451
0.057636681587932725
0.05606101090122678
0.053864409985541095
0.05191376651275015
0.05097902068190624
0.051429828241110254
0.05308988398082792
0.055306267891929994
0.057206507820019514
0.05804213911953715
0.057483480671045306
0.055749547779725406
0.053521930226555325
0.05167652718370175
0.050938757858768835
0.051598009753319074
0.05339376800813894
0.0556182662973464
0.05739523376149841
0.0580249655236279
0.057259829333044465
0.055401721598790865
0.05318310762757211
0.05147850482402794
0.050960032652516196
0.051832671961608845
0.05375348385078821
0.05596659914131169
0.05760082695754182
0.05801269675314119
0.05703985464945699
0.055065029238745955
0.052865370195751216
0.051306477471564915
0.05100159973505858
0.052070200764101404
0.05409096530581503
0.05626774781740124
0.05774311179419006
0.05793598823052992
0.05677048697805831
0.05470576159625412
0.05255517331834614
0.05116596998742634
0.05108561976123971
0.05234619180600192
0.05445169115289472
0.05657333741778381
0.05787589499167306
0.057846556836178564
0.05649687579058321
0.05435822507281135
0.05227257156521797
0.0510609476481082
0.05120016915735032
0.05263510135279775
0.054800398180163745
0.056843151820356264
0.05795877353098583
0.05770783896404985
0.05618912922625424
0.05400072882507173
0.052004501938295755
0.05098669364907987
0.051348305443198794
0.05294716911758385
0.05515390819875904
0.057099752725348674
0.05801862599090912
0.05754879868930374
0.05587532568019804
0.053657175562411785
0.05176774647450022
0.05095094699607017
0.051528270683199706
0.05327221253439607
0.055495872570738014
0.05732346027742585
0.058035178009336386
0.05735067320391718
0.05553944102906111
0.05331470371306435
0.051552555640533126
0.05094696971746987
0.05173651662929485
0.053610409722696706
0.05583087414102378
0.05752365541041926
0.05802227275901434
0.05713045815229634
0.055199437891372716
0.052989624403155466
0.05137118092461834
0.05098137091509336
0.05197362151956003
0.05395711485477661
0.05615069400255662
0.05769047711173397
0.05797004576055981
0.056879247231506336
0.0548475748706323
0.05267504439121795
0.051217163804816446
0.05104804949571007
0.05223434656272019
0.054308979398085766
0.0564550697917548
0.0578276003055046
0.05788615914738493
0.056607738625361226
0.05449579139337274
0.05238197826361918
0.05109867552714603
0.05115120225147696
0.05251883821233638
0.05466298748059095
0.056739272358224735
0.05793003835159888
0.057766335533921964
0.056312585953323335
0.054141218594241036
0.0521072601013981
0.05101164288123461
0.051285813054481044
0.05282183341022567
0.05501488374305302
0.05700142329459279
0.057999232193572836
0.057615430654768596
0.05600118421379341
0.05379217515455231
0.05185828142689003
0.05096103479909242
0.051453744758297004
0.05314237354983631
0.05536194684610207
0.057238410591108235
0.05803281946535943
0.05743232195401815
0.05567335762619818
0.05344855385885372
0.05163398414320586
0.05094418815344737
0.05165079979743564
0.053475582036009384
0.055699989466224065
0.05744811537105665
0.0580316045054618
0.0572207118860123
0.055334770007388456
0.05311644034519902
0.051439266570264375
0.05096368948315777
0.05187697838674743
0.05381948884346999
0.05602628490420797
0.05762835751747597
0.05799482496197356
0.05698136332941267
0.05498703989229026
0.052797169419595225
0.05127407343164431
0.0510175152586374
0.052128524872189774
0.054169614707546054
0.05633705283368379
0.057777355822074605
0.05792337272032483
0.05671761689499688
0.05463490207014554
0.05249536899913937
0.051141529329052915
0.05110650058118704
0.052404074899286945
0.054523288360681654
0.056629629255013525
0.057893653312331206
0.05781760353580245
0.0564314180478509
0.054280941850360254
0.05221298440237204
0.05104186308229236
0.051228741131779
0.05270003053792116
0.05487636928408246
0.056900762369938185
0.05797604918725513
0.05767880922688112
0.056126096205129206
0.05392934399123461
0.05195359534421251
0.05097686454726508
0.05138377036011599
0.05301408065880203
0.05522580891442508
0.057148016287017156
0.05802377075552728
0.057508212623285926
0.05580435399821626
0.053583137020228655
0.05171923030878417
0.0509466017860038
0.05156949655149079
0.05334263108450782
0.0555677809869079
0.05736872792987713
0.0580362970851277
0.057307616046321064
0.05546962853254278
0.053246101222693465
0.051512618263373
0.05095179309741604
0.05178446849185858
0.05368275296470676
0.055899138142742055
0.057560853134708545
0.058013544881326706
0.05707894985479456
0.05512509099318824
0.05292135767515865
0.051335535374745334
0.05099208880104683
0.05202625993580662
0.05403081238183288
0.056216393063412806
0.057722363993226444
0.057955704608597614
0.05682453156228323
0.05477428042542226
0.052612301675883655
0.05118994167146901
0.051067298945877526
0.05229266827035994
0.05438352310789896
0.056516525192313594
0.05785173914958219
0.05786338276457237
0.05654686987384755
0.05442061642650231
0.05232189850228891
0.05107714941375896
0.051176526441750636
0.05258089649214309
0.054737245951228974
0.056796446654783395
0.057947625968998995
0.05773747257719053
0.05624874156664661
0.05406766700612681
0.05205311431296622
0.05099837571952409
0.05131878720465505
0.0528881772504578
0.05508855071956337
0.05705344330193329
0.05800911829803118
0.057579249084145745
0.05593310925463624
0.053718916034289965
0.05180857502713837
0.050954340828974654
0.05149259386669475
0.053211380361499694
0.05543387560688867
0.057284904344492515
0.058035567712107106
0.057390269386448645
0.05560311562115172
0.05337785311716009
0.05159074724885576
0.05094552580555656
0.05169626467684263
0.053547337703160724
0.05576982848726175
0.057488563462873066
0.05802673819398446
0.05717242978705156
0.05526204801528095
0.053047863733805434
0.05140177930261558
0.05097199045503342
0.05192773946690166
0.053892670862849545
0.05609303287292411
0.05766236580754791
0.0579826969902138
0.056927886348232926
0.0549132978985426
0.05273223747930633
0.05124356435099553
0.05103348914618927
0.05218473553280034
0.05424396523617453
0.056400293807946145
0.05780460111338642
0.05790389829085185
0.056659083991725534
0.05456034173832469
0.052434115215237276
0.05111767086654789
0.051129398697181694
0.05246468040339353
0.054597707977970034
0.05668853666565826
0.05791383883843604
0.05779111437642731
0.05636868980585935
0.0542066882528317
0.052156463863281155
0.051025355128796746
0.05125877071302132
0.052764796195263475
0.05495038817054004
0.05695490317776147
0.05798900231704762
0.05764547751970145
0.056059602150781596
0.053855862994794335
0.05190204953662214
0.05096753537651655
0.05142031391061158
0.05308208970637801
0.055298487776924754
0.05719673370195716
0.058029335190728115
0.057468429979190716
0.05573489160261713
0.053511353699980446
0.051673402190047346
0.0509447865983666
0.051612421595517766
0.0534134055874918
0.05563854623500886
0.057411626569239926
0.058034442151740306
0.05726174037297849
0.05539779614696161
0.053176594379777786
0.05147280101926155
0.05095733665452745
0.05183318106432988
0.05375544374271607
0.055967175061383545
0.05759743828739233
0.05800426749628501
0.05702746124707253
0.05505166678653711
0.05285491346450344
0.05130223993504218
0.051005058796433744
0.05208039422168553
0.05410480011897817
0.05628110494308669
0.0577523223126436
0.05793911553747605
0.05676792911488554
0.054699953449801775
0.052549517060483664
0.05116341987874301
0.05108747994115298
0.05235160088625723
0.054457996486862226
0.05657720916965031
0.057874734244272585
0.05783963159090466
0.056485723923318965
0.05434615367757328
0.0522634419096531
0.05105771992920605
0.05120377756812394
0.05264410020001359
0.05481151687464214
0.05685254118350741
0.057963457567309806
0.05770680883799206
0.0561836582890019
0.05399379293782269
0.0519995390870408
0.05098619503050911
0.05135279589349162
0.05295498137721916
0.05516184203478913
0.05710435911685158
0.05801760722392224
0.05754196702029113
0.055864736325216324
0.05364637588219712
0.05176043279317061
0.05094955469376078
0.05153304958967636
0.053281148584145455
0.05550548439065822
0.057330156950654965
0.05803664580302437
0.057346749435109035
0.05553213561320869
0.053307363908560335
0.05154850606333111
0.05094816601362029
0.05174274595633299
0.0536193557742492
0.055839023068588844
0.05752768608980258
0.05802038222214734
0.057123097306345794
0.05518916463426238
0.05298012918875783
0.05136586607048993
0.05098204063951833
0.05197979588269386
0.053966235252588424
0.0561591376648945
0.0576949809181041
0.05796897989937283
0.05687323917526299
0.05483924010555946
0.052667931894142705
0.051214333398243495
0.051050843369236154
0.05224184097941009
0.05431833456067209
0.05646264138541507
0.057830375190363714
0.057882949033835784
0.056599660338359836
0.05448584316513255
0.05237387750969413
0.051095414284673735
0.05115388739818877
0.05252627129275167
0.05467214795779918
0.05674651301093142
0.057932521947605176
0.05776314758990436
0.05630508628036862
0.05413249416227367
0.05210089567648851
0.05101029471195212
0.051290148664176805
0.05283025648494938
0.0550241537089769
0.05700792634246088
0.058000403360500774
0.05761076663198156
0.05599244748717275
0.05378270845045241
0.051851701681465745
0.050959820011173995
0.05145826906856765
0.053150769345080895
0.05537084723973096
0.05724427937060983
0.058033344702919154
0.05742732471079404
0.055664858275942086
0.05343997034358511
0.051628778424746335
0.050944494594929446
0.05165657647887295
0.05348462009133603
0.05570877746349856
0.057453218745245394
0.05803101693289542
0.057214646339389996
0.05532557777624758
0.05310768961518231
0.051434342984204684
0.05096446917817926
0.05188309535466462
0.053828484446919844
0.05603458016681434
0.05763266504139475
0.0579934444173093
0.05697485043068895
0.05497798555773675
0.052789176278849936
0.05127033303027173
0.051019546676461414
0.05213557198240937
0.05417893991527567
0.05634501198394748
0.05778083119999455
0.05792099991562316
0.05671032240196627
0.05462553985296753
0.05248759899572897
0.051138379271082224
0.05110917711685381
0.05241149178545779
0.05453249716066777
0.05663698268659495
0.057896243003027315
0.057814405963895144
0.05642369742025655
0.05427175130822587
0.052205962072834566
0.05103979725521035
0.05123246982374208
0.052708109061326835
0.05488563697487403
0.0569075854880422
0.05797775065865568
0.0576747222771225
0.05611782699534007
0.0539201398184877
0.05194706711873215
0.05097556647071794
0.051388195904348954
0.05302247000557514
0.05523484350548585
0.057154126861489185
0.05802454371965665
0.05750334090760573
0.05579575795393976
0.053574207758133596
0.0517134934957203
0.050946328175696776
0.05157480653933477
0.05335144603857067
0.05557664064325968
0.05737415206204671
0.05803615530699652
0.057301966380880864
0.05546069455655267
0.053237396781484925
0.05150756438420562
0.05095237165342892
0.05179044267634553
0.05369176143457849
0.055907625678630335
0.05756547127959927
0.05801247097433215
0.057072605017435496
0.055115974321671146
0.05291306193230938
0.05133133181629396
0.05099363846120347
0.052032958915510796
0.05404002902269239
0.05622450366796833
0.057726179287889035
0.05795372526634612
0.05681753841190307
0.054765026947907136
0.05260442987786751
0.05118654821631957
0.05106971613366662
0.052299939839834
0.05439278123433677
0.05652412018762232
0.05785467698282054
0.057860504309983574
0.05653930750174102
0.05441134812700382
0.052314575122275386
0.051074656832205745
0.05117984890625843
0.05258872874170384
0.054746506896888536
0.05680349236628507
0.057949684335997786
0.057733734725364416
0.05624068026295864
0.054058456684047296
0.05204638109625831
0.05099676965233724
0.05132293889028705
0.05289644973581703
0.055097684305295824
0.057059839349674846
0.058010256479627764
0.05757467997507615
0.055924631393640456
0.053709867720488746
0.05180251973144473
0.05095366388773531
0.051497563067429586
0.05322004035712785
0.055442817749573214
0.05729060880468034
0.058035789393832415
0.05738492190229538
0.055594305246054354
0.053369049354288656
0.05158541662349575
0.05094576686388852
0.051701981694571686
0.05355627847009553
0.05577847128137803
0.05749350393265612
0.058026030014776686
0.05716635115774055
0.0552529921580831
0.05303939651027201
0.05139723504141902
0.05097315892872639
0.051934161067410334
0.05390181752713191
0.05610130351975556
0.05766650430545828
0.05798107429589788
0.05692114193983372
0.05490408792468271
0.052724188801754945
0.051239846356779195
0.05103556572110046
0.0521917886397249
0.05425321708053127
0.056408100721954735
0.057807888408853536
0.05790137105499665
0.056651737037038075
0.05455106789215708
0.05242656619657987
0.05111481931354145
0.05113236759277817
0.052472300849635556
0.0546069794624372
0.0566958085748443
0.05791624796763706
0.05778771237144875
0.05636081657911174
0.05419744433116774
0.05214948944729508
0.05102339664875177
0.05126259933945154
0.0527729041763656
0.05495958256932121
0.056961563208235866
0.05799050515982346
0.05764123116042086
0.05605127852322628
0.053846739622419815
0.05189571891818712
0.05096649033619838
0.051424965972726666
0.053090607041271165
0.05530751653102345
0.057202718667655084
0.05802991976329008
0.05746338412575153
0.055726202430176064
0.053502442959112884
0.051667778847350576
0.05094466506772999
0.05161784974355088
0.05342224588544103
0.05564731748097951
0.05741687472538015
0.05803410048812452
0.05725594331540235
0.05538882635369874
0.053167983884310155
0.05146794039217256
0.05095813986795056
0.05183933181006578
0.05376451998778792
0.055975602795554136
0.057601898892798264
0.058003004548199066
0.05702097215194346
0.05504250690550394
0.05284668985451413
0.051298190954394085
0.051006778897684846
0.05208720608413747
0.05411402136380722
0.056289104402622914
0.057755949917232485
0.0579369427555374
0.056760811486747775
0.05469069369753482
0.05254176143695488
0.05116022234807566
0.05109009959193678
0.05235900612944161
0.054467271276836204
0.05658470128569615
0.05787749346163573
0.05783657141909854
0.056478049441347045
0.05433688699208328
0.05225623210524605
0.05105540612494874
0.05120727092548932
0.05265202512268863
0.05482075268995196
0.056859451003031414
0.05796532042270586
0.057702891148547264
0.05617550273347044
0.05398461098138124
0.05199294637113616
0.05098478760799868
0.05135712795516595
0.05296334702483002
0.05517094703130637
0.05711061809342627
0.0580185555273387
0.05753723124419663
0.055856181348097
0.05363737051242179
0.05175452319557289
0.05094906797617793
0.05153817743165007
0.053289871755511475
0.05551436788404318
0.057335702620041396
0.058036669865975055
0.057341242404231274
0.05552326603406027
0.05329862443002459
0.051543338102663316
0.050948604594167834
0.051748618357966625
0.05362834954801943
0.05584759663520755
0.05753246334430112
0.058019481978360654
0.05711687407050048
0.05518006900692762
0.05297174286415679
0.051361491434517514
0.050983400352797525
0.0519863545289842
0.05397541017403423
0.05616731596196717
0.05769894213845739
0.05796716418941078
0.05686636152071922
0.05483000878433675
0.05265998201069366
0.051210795450613855
0.05105311052157607
0.05224902046167651
0.05432759922558217
0.05647034298361281
0.0578334809812216
0.05788023601868347
0.056592196853612164
0.05447656819161262
0.05236644335852636
0.05109274838801148
0.051157039542120974
0.05253400023106691
0.05468141019096012
0.05675366125554315
0.057934741365874454
0.057759564217494175
0.056297111176675685
0.05412326776353216
0.05209405115292909
0.05100852729801991
0.05129415432651385
