0.5
0.4978712544943824
0.4934253620895408
0.4881267877600946
0.482522024536302
0.476816391040534
0.4710876635382525
0.465365823084419
0.4596628980375972
0.45398413803347454
0.4483321991520038
0.4427087126545876
0.43711487474268523
0.43155167025391433
0.426019959197075
0.4205205120749014
0.41505402582261475
0.4096211325032356
0.4042224049083366
0.39885836104885497
0.39352946832679153
0.38823614696234165
0.38297877312216805
0.37775768251817365
0.3725731732156262
0.36742550801657126
0.3623149178751684
0.35724160390416987
0.3522057395255592
0.34720747361865023
0.3422469315593303
0.3373242178967567
0.332439418340567
0.32759260071865304
0.3227838179903311
0.3180131085688952
0.3132804986822256
0.3085860037002685
0.3039296289040131
0.299311372000549
0.29473122284185505
0.2901891661431957
0.2856851813308395
0.2812192444531694
0.27679132888922126
0.27240140611568797
0.26804944732605385
0.2637354232464466
0.25945930636332554
0.2552210701789154
0.2510206916695478
0.24685815034643566
0.24273343066328157
0.2386465210980184
0.2345974164032554
0.23058611675356472
0.22661262986766562
0.2226769701744501
0.21877916087852733
0.21491923309868172
0.2110972279011249
0.2073131954654715
0.20356719694903322
0.19985930393120743
0.19618959978327244
0.19255817975693998
0.1889651515762549
0.18541063624442597
0.18189476818793077
0.17841769596516222
0.17497958293609334
0.1715806078232758
0.1682209642960802
0.1649008632472055
0.16162053211235217
0.15838021496774715
0.15518017498358347
0.15202069248666633
0.14890206773304274
0.14582462028282914
0.14278868933260158
0.13979463579014414
0.1368428405260048
0.13393370765952722
0.1310676625524934
0.12824515459975824
0.12546665624764247
0.12273266462790866
0.12004370172463863
0.11740031503533482
0.11480307855390079
0.11225259286435299
0.10974948653401792
0.10729441599435166
0.10488806703789921
0.10253115474745372
0.10022442487155933
0.09796865398619414
0.0957646505828349
0.09361325560134823
0.09151534310553303
0.08947182127137726
0.08748363259404976
0.08555175531872114
0.08367720324932845
0.0818610274397441
0.08010431587198935
0.07840819501826973
0.07677382981307995
0.07520242465842364
0.07369522396962924
0.07225351248235662
0.07087861626788461
0.06957190261914659
0.06833478102491936
0.06716870319097351
0.06607516343524267
0.06505569907776404
0.06411189025871705
0.06324536033516714
0.06245777558443283
0.06175084508340173
0.061126320495279274
0.06058599541614623
0.06013170491707137
0.05976532464715406
0.05948876979839696
0.059303993934074484
0.05921298742405767
0.05921777573937914
0.059320417356988675
0.05952300138141692
0.05982764483656622
0.060236489446137076
0.060751698155638856
0.06137545109667769
0.062109940951330544
0.06295736800568619
0.06391993443264521
0.06499983784359281
0.066199264430013
0.06752038115124237
0.06896532698848412
0.0705362036275381
0.07223506507318872
0.07406390605000868
0.07602464956083477
0.07811913336782195
0.08034909493093684
0.08271615511102987
0.08522180081539082
0.08786736582603613
0.09065401000634529
0.09358269714987319
0.09665417112634775
0.09986892996576274
0.10322719810515699
0.10672889708460659
0.11037361400830664
0.11416056787630774
0.11808857393466682
0.12215600631452234
0.12636075829625024
0.13070020054114337
0.13517113748082102
0.139769762195284
0.14449160930750354
0.1493315064078735
0.154283524364127
0.15934092707967315
0.16449612049305443
0.1697406016060924
0.175064908198883
0.18045857018059797
0.18591006278163336
0.19140676278254593
0.19693490896557223
0.20247956817727336
0.20802460783167948
0.21355267661953503
0.21904519537803868
0.22448235977694933
0.22984315643211778
0.23510539535537667
0.2402457606354121
0.24523988115271045
0.25006242503262804
0.254687219971806
0.25908739991421315
0.2632355840655442
0.2671040882845723
0.27066516944481
0.27389130716459203
0.2767555237575337
0.2792317395053928
0.28129516643229
0.2829227377455559
0.28409357120174544
0.28478946172849706
0.28499539851896966
0.28470010079744035
0.2838965628961657
0.28258259938286306
0.2807613783621181
0.27844192971810217
0.27563961361186173
0.27237653330275996
0.2686818754642446
0.26459216070840086
0.26015138711673114
0.25541105029000044
0.2504300248555689
0.2452742945631571
0.24001652108474636
0.2347354453984762
0.22951512012191483
0.2244439762600573
0.21961373334813855
0.21511816783703253
0.21105176054411431
0.20750824901673773
0.20457911638559992
0.2023520520034162
0.20090942229521044
0.20032679193997835
0.2006715357041623
0.20200157981548744
0.20436430884043116
0.2077956694378162
0.21231949624920793
0.21794707857932447
0.2246769784985732
0.23249510294680936
0.24137502428015234
0.2512785359436746
0.26215642292974284
0.27394942069652317
0.28658933150471744
0.3000002638324435
0.3140999587117031
0.328801166474732
0.34401303840853026
0.35964250004070164
0.3755955759813182
0.3917786401572565
0.40809956998498453
0.4244687875389189
0.4408001757077068
0.45701186195829424
0.4730268666496098
0.48877361671504793
0.5041863288757225
0.5192052693070415
0.5337768988437199
0.547853914387266
0.5613951982111813
0.574365687396011
0.5867361757328418
0.5984830601797717
0.6095880434123435
0.6200378032440779
0.6298236387713064
0.6389411020714656
0.6473896232465204
0.6551721355590903
0.6622947060373946
0.6687661766452602
0.6745978194045712
0.6798030082085164
0.6843969095512674
0.6883961939489494
0.6918187688578274
0.6946835326062417
0.6970101493990803
0.6988188471639971
0.7001302348496298
0.7009651385369645
0.7013444580369061
0.7012890400688905
0.7008195672601124
0.6999564633701982
0.6987198121309758
0.6971292882358562
0.6952041006571019
0.6929629462011653
0.6904239722197294
0.6876047478177185
0.6845222427467619
0.6811928125721141
0.677632189558707
0.6738554787141293
0.6698771582945215
0.6657110837281623
0.6613704947506296
0.6568680253175276
0.6522157158655757
0.6474250270922464
0.642506855223838
0.6374715485723803
0.6323289251130124
0.6270882904267426
0.6217584560156701
0.6163477580586081
0.6108640764240802
0.605314853369608
0.5997071119720174
0.5940474745593805
0.5883421810284086
0.5825971063989435
0.5768177778509775
0.5710093915705966
0.5651768293379855
0.5593246739703706
0.553457224356393
0.5475785102750292
0.5416923067301356
0.5358021469933009
0.5299113355452816
0.5240229608983976
0.5181399072618158
0.5122648655138786
0.5064003442982584
0.500548680616533
0.4947120490263225
0.4888924710727858
0.4830918247523277
0.4773118523301565
0.47155416823495167
0.4658202673591511
0.46011153178544684
0.45442923731217266
0.44877456070963573
0.4431485854393325
0.4375523070531484
0.4319866395711406
0.4264524201878664
0.420950413821558
0.41548131875947275
0.41004577031304534
0.4046443448545551
0.3992775647344191
0.39394590092526516
0.3886497769551332
0.3833895727922173
0.3781656268513485
0.3729782400317349
0.3678276781683287
0.3627141741291672
0.35763793158622453
0.35259912608664995
0.347597908045973
0.3426344050191147
0.337708722754996
0.3328209485478768
0.3279711516505684
0.3231593858509535
0.3183856910079562
0.31365009388451714
0.30895261092325155
0.3042932480378194
0.29967200343229
0.2950888677246311
0.29054382569794435
0.2860368574929225
0.28156793903433386
0.277137044198924
0.2727441443075364
0.26838921073989475
0.26407221411879894
0.25979312678906274
0.2555519221912892
0.25134857689650264
0.2471830703379541
0.24305538637796884
0.23896551335080973
0.23491344528611766
0.23089918211865837
0.22692273075032915
0.22298410525043458
0.2190833279485731
0.21522042945465653
0.2113954499487716
0.2076084389012002
0.2038594566350205
0.20014857376884207
0.19647587291022353
0.19284144815869914
0.18924540641449458
0.18568786752764152
0.18216896484791245
0.17868884585372216
0.17524767286671286
0.17184562302489498
0.16848288883764637
0.1651596803587256
0.16187622315147657
0.15863276025458117
0.1554295532453736
0.15226688087809245
0.14914504229050016
0.14606435500849385
0.14302515706940094
0.14002780738130044
0.1370726853279176
0.13416019328533785
0.1312907546973077
0.12846481735604773
0.1256828515347771
0.12294535275742341
0.1202528407017828
0.11760586115289068
0.1150049857166118
0.11245081313266136
0.10994396950755439
0.10748510929018873
0.1050749157322573
0.10271410180099932
0.1004034106168373
0.09814361650722717
0.09593552524840535
0.09377997539112959
0.09167783820849348
0.0896300193285278
0.0876374584035475
0.08570113094513385
0.08382204789163239
0.08200125735687702
0.08023984444025223
0.07853893250587202
0.07689968353846316
0.07532329873148969
0.07381101942759172
0.07236412712409601
0.07098394465142283
0.06967183607350769
0.06842920751323411
0.06725750741234132
0.06615822669026256
0.06513289931534
0.06418310206836325
0.06331045489723353
0.06251662075343672
0.06180330534153011
0.06117225700982354
0.06062526609495067
0.06016416442975481
0.0597908245312459
0.05950715852370492
0.059315117015628915
0.059216687555236625
0.05921389292536389
0.05930878910617965
0.05950346288839087
0.059800029216598216
0.06020062800941384
0.060707420674441515
0.06132258616080433
0.06204831635058
0.06288681111255562
0.06384027270207226
0.06491089934435401
0.06610087837222695
0.06741237856134419
0.06884754143766486
0.070408471943537
0.07209722822386844
0.07391581011690129
0.07586614669848157
0.07795008292684136
0.08016936471624947
0.08252562268744251
0.08502035488817902
0.08765490783646504
0.09043045584519047
0.0933479788866646
0.09640823896877132
0.0996117543845271
0.10295877208020668
0.1064492384129033
0.11008276788483379
0.11385860963775085
0.11777561190325431
0.12183218476460783
0.12602626067143394
0.13035525283359817
0.1348160116796341
0.13940477986332447
0.14411714535122935
0.14894799296763025
0.1538914547102578
0.1589408595479532
0.1640886825082165
0.16932649369745104
0.17464490787673637
0.18003353565260913
0.18548093654747763
0.1909745749614621
0.1965007801908201
0.2020447120070916
0.20759033266092228
0.21312038686574286
0.21861639176442843
0.22405863865081654
0.22942620801400043
0.23469700046699465
0.23984778606190893
0.24485427342691976
0.24969120185240856
0.2543324599804353
0.25875123030397384
0.26292016493185116
0.26681159516686787
0.2703977729526519
0.2736511493316655
0.27654469161017564
0.279052235979892
0.2811488782401107
0.2828114003558939
0.2840187313386736
0.28475243785674975
0.2849972396037973
0.2847415437633482
0.2839779898220338
0.28270399501484045
0.28092228902783484
0.27864142472374104
0.2758762503173666
0.27264832715984705
0.26898627635888117
0.2649260369673448
0.2605110185095849
0.25579213127734635
0.2508276791949487
0.24568310218450418
0.24043055788466744
0.23514833628090942
0.22992010523731646
0.22483398997481352
0.21998149497922423
0.2154562829458223
0.21135283071264932
0.20776498804114804
0.20478447023660487
0.20249931964524068
0.20099237426732813
0.2003397835257327
0.2006096115509533
0.20186056701768718
0.20414089594777138
0.20748746893568698
0.2119250888979289
0.21746603839351786
0.2241098778155259
0.23184349767893953
0.2406414200758284
0.2504663365662774
0.2612698626810776
0.2729934831362556
0.2855696570372948
0.29892304893823723
0.3129718496879946
0.3276291505290838
0.342804334828858
0.3584044539521133
0.37433555682834735
0.39050394694723023
0.4068173447135657
0.42318593796465465
0.4395233082509331
0.45574722514212207
0.4717803051763081
0.4875505359855543
0.5029916695185064
0.5180434910877052
0.532651973178651
0.5467693245812545
0.5603539464767677
0.573370307686689
0.5857887514278686
0.5975852456896867
0.608741088825907
0.6192425812041387
0.6290806728445257
0.6382505959612514
0.6467514902471262
0.6545860278021332
0.6617600431574762
0.6682821733893158
0.6741635120946181
0.6794172798826316
0.6840585134317834
0.6881037753469319
0.6915708851139934
0.6944786719270362
0.6968467476178677
0.6986953025587384
0.7000449221432983
0.7009164208928937
0.7013306975098347
0.7013086071647272
0.700870848961738
0.7000378700400904
0.6988297834183255
0.6972662980899735
0.6953666613177634
0.6931496114933964
0.6906333402117657
0.6878354627607601
0.6847729964625664
0.6814623454307844
0.6779192910128757
0.674158987417978
0.6701959619012534
0.6660441185088917
0.6617167449282976
0.6572265221872868
0.6525855367278414
0.6478052941771184
0.6428967344406231
0.6378702481636417
0.6327356942011271
0.627502417662156
0.6221792681233103
0.6167746183491966
0.6112963832427708
0.605752038717198
0.6001486400626894
0.5944928403683916
0.5887909088030785
0.5830487483953507
0.5772719130047645
0.571465624161261
0.565634787656941
0.5597840092365468
0.5539176095387519
0.5480396388683673
0.5421538916947247
0.5362639198128193
0.530373045195196
0.5244843727614935
0.5186008023760005
0.5127250397179506
0.5068596072598919
0.5010068551051746
0.4951689702626211
0.48934798591875756
0.4835457909505255
0.47776413804950935
0.47200465138770176
0.4662688348660002
0.4605580792482203
0.4548736684419866
0.4492167866415595
0.44358852450553166
0.43798988429017505
0.4324217860984947
0.4268850730741265
0.42138051562474366
0.41590881699714777
0.4104706174085343
0.4050664976498809
0.39969698412236043
0.39436255182157237
0.38906362773264386
0.3838005951830002
0.3785737958049045
0.3733835331762685
0.36823007592569307
0.363113659361175
0.35803448930258425
0.35299274355635535
0.3479885742504895
0.34302211079404765
0.3380934605446614
0.33320271210547286
0.3283499362272712
0.32353518766026723
0.3187585074721723
0.314019923288893
0.30931945233675856
0.3046571013755735
0.300032869024194
0.2954467466371065
0.29089871920776594
0.2863887673967868
0.2819168672594333
0.2774829929058676
0.27308711578329525
0.26872920721247134
0.2644092379157617
0.26012717995986245
0.25588300681352566
0.25167669460858577
0.2475082227085485
0.24337757441084695
0.23928473787186932
0.23522970645023006
0.23121247979456347
0.22723306404002402
0.22329147286428733
0.21938772774405382
0.2155218587890716
0.21169390525831053
0.20790391599582092
0.2041519503687991
0.20043807820842402
0.19676238118222225
0.19312495238741895
0.18952589781487658
0.18596533618413347
0.18244339979523125
0.1789602350496252
0.1755160032234491
0.1721108798184035
0.16874505621467736
0.1654187415804835
0.1621321599218007
0.1588855528544775
0.15567918051872476
0.15251332020396421
0.14938826961637194
0.1463043446823153
0.14326188187138714
0.14026123842599603
0.13730279205323745
0.13438694340930724
0.1315141141459296
0.12868475023416298
0.1258993200658328
0.1231583172401278
0.12046225946576036
0.11781169048898615
0.11520717985258527
0.11264932414776993
0.1101387473187421
0.10767610155505389
0.10526206784082107
0.10289735677379111
0.10058270909810138
0.09831889666110477
0.09610672275009671
0.09394702332672011
0.09184066705859495
0.08978855687915713
0.08779162971400031
0.08585085828129277
0.08396725066796731
0.08214185210039326
0.08037574470647296
0.0786700488660882
0.07702592348771276
0.07544456667936872
0.07392721662206497
0.07247515162462204
0.07108969129095499
0.06977219640345089
0.06852406979920345
0.06734675657786854
0.06624174431710556
0.06521056362022154
0.06425478788701905
0.06337603370048384
0.06257596063638293
0.06185627105543401
0.06121870998799289
0.0606650644870132
0.060197163166943124
0.059816875387955326
0.05952611020722187
0.05932681527123179
0.059220975287955724
0.05921061035043229
0.0592977739156616
0.05948455045256096
0.05977305280925177
0.060165419061617875
0.06066380907594182
0.06127040058425259
0.06198738461908504
0.06281696062811076
0.06376133089984748
0.06482269420365538
0.06600323900676569
0.06730513584146391
0.0687305286800115
0.070281525703204
0.07196018913098551
0.07376852378889814
0.07570846477503851
0.07778186417690469
0.07999047622864097
0.08233594118333648
0.0848197681683939
0.08744331630516769
0.09020777415921527
0.09311413778032931
0.09616318718312072
0.0993554607272272
0.10269122763915792
0.10617045896532037
0.10979279641376022
0.1135575190048509
0.11746350770090067
0.12150920835574919
0.12569259234251595
0.13001111509956687
0.13446167276233764
0.13904055732479204
0.14374340981117834
0.14856517192257535
0.15350003646126598
0.15854139720260013
0.16368179796382923
0.16891288159902954
0.17422533952661617
0.1796088628160303
0.18505209502310782
0.1905425878770979
0.19606676096141318
0.2016098668496263
0.20715596249972562
0.2126878885496825
0.21818725847309822
0.22363445931148324
0.22900866554235466
0.23428786875545704
0.23944892541531018
0.24446762428024085
0.24931877674177155
0.2539763332958487
0.25841352573919785
0.26260304071371354
0.26651722643119385
0.2701283313798665
0.27340878002353725
0.2763314870600596
0.2788702069057664
0.2809999216152489
0.28269726473496115
0.2839409796772969
0.2847124080523406
0.28499600323774155
0.2847798638043146
0.28405627770179354
0.2828222681179009
0.2810801294716128
0.27883794051960664
0.2761100401093768
0.2729174498233116
0.2692882267981221
0.2652577294723264
0.26086877900670524
0.25617169973321846
0.2512242232977619
0.24609124323183657
0.24084440954857306
0.2355615566031353
0.2303259618357426
0.22522543802831843
0.220351267177413
0.21579698985448897
0.21165707006436563
0.20802546053749738
0.20499409930281337
0.2026513722723948
0.2010805798657706
0.2003584476220975
0.20055372119507706
0.20172588495415308
0.20392404069089642
0.20718597869350008
0.21153746737860152
0.21699178131879532
0.22354947954941323
0.23119843801430393
0.23991413185299304
0.24966015538832587
0.26038896051371935
0.27204278801396986
0.2845547614261432
0.29785010952019325
0.31184748142947155
0.32646031788161217
0.34159824278532375
0.3571684414735305
0.3730769949822572
0.38923014351458723
0.40553545691740367
0.42190289448129037
0.43824574129822985
0.45448141308877626
0.47053212578941395
0.48632543014493845
0.5017946149814918
0.5168789856895069
0.5315240267018673
0.5456814584211525
0.559309200163722
0.5723712512987881
0.5848375029300172
0.5966834922649555
0.6078901113148117
0.6184432808325526
0.6283335994961945
0.6375559773318634
0.6461092613205387
0.6539958601471326
0.6612213735820179
0.6677942317432782
0.673725347828701
0.6790277871757746
0.6837164548328796
0.6878078037811082
0.6913195642859601
0.6942704948161329
0.6966801534447922
0.6985686921795526
0.6999566716672219
0.7008648938871299
0.7013142558363528
0.7013256203618581
0.7009197024281622
0.7001169720816489
0.6989375712348334
0.6974012427477483
0.6955272719201959
0.6933344385352718
0.6908409782027038
0.6880645522514841
0.6850222255270682
0.6817304506246498
0.6782050579112329
0.6744612508005129
0.6705136056255498
0.6663760750658566
0.6620619947893889
0.6575840929663179
0.6529545021985013
0.6481847731035357
0.6432858893334404
0.6382682839620111
0.6331418569170406
0.6279159929176059
0.6225995796890662
0.61720102667987
0.6117282840364432
0.6061888614108375
0.6005898463713867
0.5949379228617242
0.5892393895384063
0.5835001775010216
0.5777258673373696
0.5719217060206692
0.5660926235631063
0.5602432486594354
0.5543779237270261
0.5485007197530227
0.5426154508069981
0.5367256871977047
0.530834768426691
0.5249458160407684
0.5190617455622872
0.5131852774492028
0.5073189481696879
0.5014651210209277
0.49562599540840935
0.48980361622802243
0.48399988342226186
0.47821656003115215
0.4724552799794538
0.4667175563951835
0.46100478864164185
0.45531826871118364
0.44965918845194225
0.44402864563007793
0.4384276491711221
0.4328571254930782
0.42731792357576825
0.4218108193011911
0.4163365210930673
0.41089567392345605
0.4054888630559381
0.4001166190959922
0.3947794208778489
0.38947769902958274
0.38421184023853666
0.37898218921610555
0.37378905247604827
0.3686327012870902
0.3635133734176633
0.3584312769954507
0.35338659187087695
0.34837947213129566
0.34341004892001453
0.3384784311805081
0.33358470900491033
0.3287289544123406
0.32391122337853495
0.31913155800109627
0.31438998684871766
0.30968652801456875
