0.5
0.5062503230581651
0.5190809211165912
0.5339569051635751
0.5491679652128918
0.56406249043822
0.5783836324463585
0.592023808185719
0.6049345035528089
0.617093108378272
0.6284905503439706
0.6391264627815552
0.6490070574766874
0.6581439574855779
0.666553368863537
0.6742553763650998
0.6812732955195908
0.6876330629149131
0.6933626652283317
0.698491610305781
0.7030504444480742
0.707070318812333
0.7105826061809606
0.7136185676886713
0.7162090681168775
0.7183843373718295
0.7201737749816941
0.7216057940873966
0.7227077010560224
0.7235056067922099
0.7240243658567194
0.7242875396367359
0.7243173800220328
0.7241348303004853
0.7237595402752932
0.7232098929085715
0.7225030400999961
0.721654945508225
0.7206804326145082
0.7195932364225431
0.718406057560107
0.717130617555986
0.7157777145362318
0.7143572786921457
0.7128784265439146
0.7113495133358558
0.7097781856333288
0.7081714284613418
0.7065356138225556
0.7048765446456766
0.7031994967562554
0.701509259257922
0.6998101714964984
0.6981061581720289
0.6964007624277346
0.6946971760838522
0.6929982681849864
0.6913066116955793
0.6896245077625804
0.6879540084787021
0.6862969381521846
0.6846549125340033
0.6830293567045426
0.6814215218560546
0.679832500404757
0.678263239883159
0.6767145560828247
0.6751871448646174
0.673681592848629
0.6721983876522617
0.6707379270726014
0.669300527249385
0.6678864306240584
0.6664958130278622
0.6651287898759486
0.663785422374242
0.6624657229151683
0.6611696597671141
0.6598971619595033
0.6586481232711425
0.6574224058280342
0.6562198439732181
0.6550402470603285
0.653883402373943
0.6527490780652004
0.6516370250531505
0.6505469795956174
0.6494786651669261
0.648431794007827
0.64740606927815
0.6464011859812244
0.6454168327036387
0.6444526927565006
0.6435084450327224
0.6425837655342888
0.6416783276286433
0.6407918034867337
0.6399238643666987
0.639074181487796
0.6382424266952813
0.6374282726693717
0.63663139394804
0.6358514666625888
0.6350881696899624
0.6343411842138871
0.6336101947516615
0.6328948887776578
0.6321949574908198
0.6315100955904782
0.6308400017719147
0.630184378651165
0.6295429330381395
0.6289153759628394
0.6283014228008619
0.6277007933359412
0.6271132118204572
0.6265384070029731
0.6259761122081442
0.6254260652552694
0.6248880086413595
0.6243616892780381
0.6238468588540126
0.6233432733313047
0.6228506935366998
0.6223688844003135
0.6218976157592323
0.6214366614186969
0.6209858000204702
0.6205448141506757
0.6201134909964148
0.6196916218042106
0.6192790020405543
0.6188754314349322
0.6184807135057582
0.6180946561901451
0.6177170709287504
0.6173477734725975
0.6169865831144155
0.6166333230122234
0.6162878201506132
0.6159499048357002
0.6156194113881965
0.6152961772274137
0.61498004349294
0.6146708546767242
0.6143684583725415
0.6140727058347148
0.6137834511039666
0.6135005516237848
0.6132238679095938
0.6129532632201462
0.6126886041937687
0.612429760011846
0.6121766028023856
0.611929007657356
0.6116868520140757
0.6114500163446097
0.611218383606796
0.6109918391130067
0.6107702710821779
0.610553569864531
0.6103416282387206
0.6101343416040941
0.6099316072918788
0.6097333250867651
0.6095393970899261
0.6093497272139752
0.609164221786971
0.6089827891893245
0.6088053395223205
0.608631785217123
0.6084620405476395
0.6082960214195496
0.6081336459577867
0.6079748339705201
0.6078195067968932
0.6076675878760278
0.6075190022127304
0.6073736762279957
0.607231538319669
0.6070925183710622
0.6069565475579619
0.6068235588995803
0.6066934868576277
0.6065662670633486
0.6064418368347997
0.6063201349275682
0.6062011011568835
0.6060846768337236
0.6059708047339863
0.6058594286097145
0.6057504934838868
0.6056439458824365
0.6055397332628649
0.6054378041227615
0.6053381084574063
0.6052405972048812
0.6051452221623965
0.6050519364937228
0.6049606944053053
0.6048714508414367
0.6047841618666285
0.6046987847329294
0.604615277378395
0.604533598575291
0.6044537083647735
0.6043755675058511
0.6042991373956833
0.6042243805579836
0.6041512604032171
0.6040797408800326
0.6040097867605758
0.6039413638983782
0.6038744386779475
0.603808978039831
0.6037449499903944
0.6036823232105973
0.6036210668084214
0.6035611506706231
0.6035025456057537
0.6034452228262184
0.6033891540163314
0.6033343118421878
0.6032806695057626
0.6032282005395847
0.6031768791785497
0.6031266804709232
0.6030775797716048
0.6030295528164592
0.6029825762377974
0.6029366271177334
0.602891682782168
0.6028477211609569
0.6028047209331555
0.6027626610084578
0.6027215205834331
0.6026812796662531
0.6026419186696405
0.6026034181735797
0.6025657592482773
0.6025289236808058
0.6024928934320624
0.6024576506591977
0.6024231782402414
0.6023894594468077
0.6023564776531107
0.6023242166003887
0.6022926607324288
0.6022617946299538
0.6022316029886094
0.6022020711222049
0.602173184755403
0.6021449296633927
0.6021172918657371
0.6020902580692202
0.6020638151056215
0.6020379498525054
0.6020126496886726
0.601987902441278
0.601963695948547
0.60194001818426
0.6019168577714551
0.6018942034781865
0.6018720440615862
0.6018503686513309
0.6018291668726015
0.6018084283372165
0.6017881427019443
0.601768300206345
0.6017488912835668
0.6017299063124854
0.6017113359106242
0.6016931712350175
0.6016754034231917
0.601658023586479
0.6016410233249034
0.6016243945014086
0.6016081288944644
0.6015922183947155
0.6015766554544051
0.6015614325252037
0.6015465419792101
0.6015319765611422
0.6015177293579375
0.6015037933538012
0.6014901615435626
0.6014768274600232
0.6014637846893303
0.6014510266985166
0.6014385471981827
0.6014263403176593
0.6014144000805371
0.6014027204443546
0.6013912958393814
0.6013801208293764
0.601369189833034
0.6013584973817667
0.6013480384855017
0.6013378080647207
0.6013278009192812
0.6013180122241463
0.6013084373820035
0.6012990716361513
0.6012899102302969
0.6012809489034666
0.6012721833529129
0.6012636091172139
0.6012552219912513
0.6012470180926186
0.6012389933775455
0.6012311437189659
0.6012234654490618
0.6012159549384005
0.6012086083739896
0.6012014220716249
0.6011943927515184
0.6011875169871583
0.6011807912098242
0.6011742122326311
0.601167777006576
0.6011614822866287
0.6011553248360861
0.6011493018728851
0.6011434105064366
0.6011376476649328
0.6011320105522475
0.6011264966151653
0.6011211031023745
0.601115827178736
0.6011106664565815
0.6011056185135396
0.6011006807204919
0.6010958506023678
0.601091126023408
0.6010865046617635
0.6010819840465634
0.6010775620981821
0.6010732368009899
0.6010690059196813
0.6010648672496243
0.6010608189988134
0.6010568592198224
0.6010529857733982
0.6010491968196179
0.6010454906920695
0.6010418655019238
0.6010383192889864
0.6010348505277412
0.6010314576003151
0.6010281386696162
0.6010248920839966
0.6010217164714027
0.6010186102463164
0.6010155716787152
0.6010125994393221
0.601009692200075
0.6010068483985771
0.6010040665359462
0.6010013454812096
0.6009986839151712
0.6009960803252028
0.6009935335232885
0.6009910424325133
0.600988605737667
0.6009862220752353
0.6009838904996396
0.6009816099273337
0.6009793790508486
0.6009771967829566
0.6009750622594489
0.600972974383667
0.600970931928117
0.6009689340730289
0.6009669799456285
0.6009650684311207
0.60096319851642
0.6009613695110811
0.6009595805121442
0.6009578304292955
0.6009561185212934
0.6009544441007816
0.6009528062320734
0.6009512039632977
0.600949636737224
0.6009481038234563
0.6009466042688045
0.6009451373761554
0.6009437026168013
0.6009422992166515
0.6009409262922332
0.6009395833699368
0.6009382698763109
0.6009369849934914
0.60093572804651
0.6009344986366396
0.6009332961346847
0.6009321197367061
0.6009309690093376
0.6009298435202961
0.6009287425830627
0.6009276655348414
0.6009266120759083
0.6009255817076486
0.6009245737144064
0.6009235876714624
0.6009226232694136
0.6009216799449815
0.6009207570539254
0.6009198543571863
0.6009189714760319
0.6009181077891015
0.6009172628601938
0.6009164364816606
0.6009156282023193
0.6009148374147095
0.6009140638986499
0.6009133073865076
0.6009125673541997
0.6009118433451066
0.6009111352290961
0.6009104426574626
0.600909765074821
0.6009091022488833
0.6009084540111628
0.6009078199340829
0.6009071995440411
0.6009065927594182
0.6009059993262136
0.6009054187530112
0.6009048507752602
0.6009042953081997
0.6009037520143049
0.6009032204237426
0.6009027004642853
0.6009021919722344
0.6009016945284382
0.6009012078265692
0.60090073184652
0.6009002663343529
0.6008998108443304
0.6008993652817723
0.6008989295662223
0.6008985033553214
0.6008980863019378
0.6008976784277311
0.6008972795568117
0.6008968892840175
0.6008965074707684
0.6008961341089007
0.6008957689312918
0.6008954115678512
0.6008950620486436
0.600894720273257
0.6008943858896068
0.6008940587040374
0.6008937387657146
0.600893425878406
0.6008931196734062
0.6008928201554906
0.6008925272965897
0.6008922408061068
0.6008919604343015
0.6008916862685832
0.6008914181798868
0.6008911558210897
0.6008908991480904
0.6008906481978536
0.6008904027445834
0.6008901624942465
0.6008899275464705
0.6008896978370752
0.6008894730564842
0.600889253098157
0.6008890380525256
0.6008888277561508
0.6008886218969544
0.600888420552002
0.600888223721662
0.6008880311455578
0.6008878426510978
0.600887658366286
0.6008874781875368
0.6008873018080586
0.6008871292560589
0.6008869605922285
0.6008867956125541
0.6008866340850205
0.6008864761545667
0.6008863217754329
0.6008861706650402
0.6008860227862978
0.6008858782515715
0.6008857369134692
0.6008855985044457
0.6008854631538638
0.6008853308745457
0.6008852014225949
0.6008850746889902
0.6008849508246557
0.6008848297371381
0.6008847111494359
0.6008845951459472
0.6008844817965571
0.6008843709060228
0.6008842622965263
0.6008841561399226
0.6008840523972552
0.6008839508036201
0.6008838513788048
0.6008837542437085
0.6008836592557303
0.6008835661854564
0.6008834751991619
0.600883386311597
0.6008832992869544
0.6008832140704765
0.6008831308234641
0.6008830494549505
0.6008829697121087
0.6008828917232643
0.6008828155576897
0.600882741021088
0.6008826679839064
0.6008825966326423
0.6008825269269948
0.6008824586146779
0.6008823917629973
0.6008823264920793
0.6008822626565478
0.6008822000626515
0.6008821389010763
0.6008820791817533
0.6008820206722711
0.60088196336549
0.6008819074240971
0.6008818527521298
0.6008817991187334
0.600881746686279
0.6008816955169003
0.6008816454127548
0.6008815962884595
0.6008815483363226
0.6008815015091437
0.6008814555651698
0.6008814106118111
0.6008813667619737
0.6008813238624204
0.6008812817553387
0.6008812406450562
0.6008812005325772
0.6008811611867895
0.6008811226430992
0.6008810850590853
0.6008810483294313
0.6008810122454549
0.6008809769950777
0.60088094262908
0.6008809089438516
0.6008808758953412
0.6008808436750197
0.6008808122250531
0.6008807813142406
0.6008807510837806
0.6008807216349369
0.6008806928037733
0.6008806644689069
0.6008806368402253
0.600880609907003
0.6008805834391782
0.6008805575104788
0.6008805322686639
0.6008805075961334
0.6008804833082969
0.6008804596108542
0.6008804365406764
0.6008804138877939
0.6008803916472827
0.6008803700047021
0.6008803488890748
0.6008803280812911
0.6008803077505468
0.6008802879835102
0.6008802686045472
0.6008802495284566
0.600880230965189
0.6008802128901385
0.6008801950753924
0.6008801776291357
0.6008801606858998
0.6008801441138307
0.6008801277556124
0.6008801118272231
0.6008800963502902
0.6008800811090946
0.6008800661358507
0.6008800516062952
0.6008800374346202
0.6008800234164724
0.6008800097433986
0.6008799964856093
0.6008799834558491
0.6008799706049441
0.6008799581384525
0.6008799460164422
0.6008799340152613
0.6008799222737169
0.6008799109106855
0.6008798997789142
0.6008798887519634
0.6008798780490958
0.6008798676761096
0.6008798574130592
0.600879847327241
0.600879837581547
0.6008798280742035
0.6008798186191442
0.6008798094245018
0.6008798005430085
0.6008797917766929
0.6008797831121038
0.6008797747467591
0.6008797666244285
0.6008797585286185
0.6008797506247308
0.6008797430143278
0.6008797355349424
0.600879728092668
0.6008797209055206
0.600879713962715
0.6008797070423216
0.600879700244407
0.6008796937166965
0.6008796873406893
0.6008796809528213
0.6008796747717582
0.6008796688324025
0.6008796629276363
0.6008796570791133
0.6008796514733115
0.6008796460370491
0.6008796405645225
0.600879635243361
0.6008796301567729
0.6008796251279552
0.6008796200965962
0.6008796152757703
0.6008796106375489
0.600879605960851
0.6008796013758164
0.6008795970132622
0.600879592737456
0.6008795884120917
0.6008795842599359
0.6008795802982582
0.6008795763129131
0.6008795723596222
0.6008795686113644
0.6008795649775674
0.6008795612671812
0.6008795576852553
0.6008795542961274
0.600879550910054
0.6008795475009282
0.6008795442736972
0.6008795411829134
0.6008795380116778
0.6008795349170386
0.6008795320116551
0.600879529142901
0.6008795262049524
0.6008795234197791
0.6008795207870206
0.6008795180881003
0.6008795154112743
0.6008795129140343
0.6008795104881224
0.6008795079617679
0.6008795055521268
0.6008795033046062
0.600879501018373
0.6008794987016182
0.6008794965484252
0.600879494495574
0.600879492334125
0.6008794902443426
0.6008794883199176
0.6008794863924278
0.6008794843882441
0.6008794825250491
0.6008794807846352
0.6008794789470169
0.6008794771309091
0.6008794754767476
0.6008794738583905
0.6008794721282911
0.6008794705098441
0.6008794690298804
0.6008794674787381
0.6008794658984411
0.6008794644698794
0.600879463111891
0.6008794616276765
0.600879460216458
0.6008794589525471
0.6008794576532227
0.6008794562781924
0.6008794550377556
0.600879453895713
0.600879452634083
0.6008794513993864
0.6008794503138245
0.6008794492334797
0.6008794480396338
0.6008794469561966
0.6008794459919167
0.6008794449309474
0.6008794438480938
0.6008794429091027
0.6008794420147554
0.6008794409849503
0.6008794400330182
0.600879439213855
0.6008794383323106
0.6008794373819764
0.6008794365630448
0.6008794358212262
0.6008794349443266
0.6008794341034198
0.6008794334016613
0.6008794326784046
0.6008794318460446
0.6008794311253645
0.6008794305069937
0.6008794297719066
0.600879429026032
0.6008794284183842
0.6008794278316109
0.6008794271072253
0.6008794264672082
0.6008794259473609
0.6008794253423314
0.6008794246795304
0.6008794241466746
0.6008794236713182
0.6008794230511914
0.6008794224780545
0.6008794220355581
0.6008794215477733
0.6008794209597341
0.6008794204859478
0.6008794200988685
0.6008794195796463
0.6008794190630579
0.600879418680144
0.6008794182953936
0.6008794177771193
0.6008794173499514
0.6008794170312381
0.600879416607997
0.6008794161407722
0.6008794158027798
0.6008794155033739
0.6008794150546886
0.600879414664681
0.6008794143973794
0.6008794140633607
0.6008794136412003
0.6008794133363204
0.6008794131029616
0.6008794127261456
0.6008794123665946
0.6008794121364736
0.6008794118828544
0.6008794115041228
0.6008794112231801
0.6008794110391502
0.6008794107343309
0.6008794104010828
0.6008794101964348
0.6008794100115108
0.6008794096776661
0.6008794094139321
0.600879409264935
0.6008794090298814
0.6008794087211575
0.6008794085326268
0.6008794084002913
0.6008794081170744
0.6008794078661072
0.6008794077401123
0.6008794075700814
0.6008794072863279
0.6008794071067642
0.6008794070122678
0.6008794067836596
0.600879406543166
0.6008794064302735
0.6008794063178562
0.6008794060616391
0.6008794058859714
0.6008794058166276
0.6008794056438991
0.6008794054136171
0.6008794053059434
0.6008794052386242
0.6008794050168458
0.600879404841975
0.6008794047870547
0.6008794046686643
0.6008794044502623
0.6008794043418408
0.6008794043060164
0.600879404125706
0.6008794039504124
0.6008794039010543
0.600879403832559
0.6008794036295495
0.6008794035162462
0.6008794035001349
0.6008794033653762
0.6008794031902399
0.6008794031393725
0.6008794031122526
0.6008794029310178
0.6008794028104589
0.6008794028040296
0.6008794027158911
0.6008794025432251
0.6008794024855001
0.6008794024870621
0.6008794023368229
0.6008794022083328
0.6008794022032444
0.6008794021597201
0.6008794019935114
0.6008794019252472
0.6008794019441401
0.6008794018313293
0.6008794016958774
0.6008794016854269
0.6008794016811817
0.6008794015272453
0.6008794014463787
0.600879401472863
0.600879401400762
0.6008794012609169
0.6008794012399946
0.600879401264064
0.6008794011322574
0.6008794010383014
0.6008794010642087
0.6008794010329078
0.6008794008927985
0.60087940085785
0.6008794008989953
0.6008794007977885
0.6008794006917964
0.6008794007104943
0.6008794007168586
0.6008794005821405
0.6008794005311338
0.6008794005796347
0.6008794005142555
0.6008794003987905
0.6008794004051523
0.6008794004411279
0.6008794003206193
0.6008794002530164
0.6008794003006432
0.6008794002730495
0.6008794001521587
0.6008794001425379
0.600879400196837
0.6008794001007836
0.6008794000175173
0.6008794000575077
0.6008794000663651
0.6008793999455564
0.6008793999177646
0.6008793999805023
0.6008793999158981
0.6008793998193509
0.6008793998463893
0.6008793998865154
0.6008793997732746
0.6008793997265631
0.6008793997892911
0.6008793997598082
0.6008793996537947
0.6008793996639954
0.6008793997247746
0.6008793996301169
0.6008793995651596
0.6008793996208508
0.6008793996268237
0.6008793995165752
0.6008793995074677
0.6008793995787272
0.6008793995112925
0.6008793994301731
0.600879399473208
0.6008793995116124
0.6008793994037722
0.6008793993742882
0.6008793994472559
0.6008793994123267
0.6008793993185263
0.6008793993446813
0.6008793994068682
0.6008793993117351
0.6008793992621979
0.600879399329491
0.6008793993289823
0.600879399227369
0.6008793992338064
0.6008793993092321
0.6008793992370111
0.6008793991691259
0.6008793992247434
0.6008793992571927
0.6008793991540136
0.6008793991392731
0.6008793992187703
0.6008793991762849
0.6008793990931314
0.6008793991324451
0.600879399192014
0.600879399095879
0.6008793990598706
0.6008793991356407
0.6008793991263264
0.6008793990323514
0.6008793990520999
0.6008793991282202
0.600879399050442
0.6008793989944398
0.6008793990600477
0.6008793990839453
0.6008793989849575
0.6008793989832394
0.6008793990663008
0.6008793990151977
0.6008793989418338
0.6008793989922023
0.6008793990458017
0.6008793989491175
0.6008793989253879
0.6008793990071353
0.6008793989876233
0.600879398900884
0.6008793989322891
0.6008793990061974
0.6008793989229644
0.6008793988780298
0.600879398951559
0.600879398965148
0.6008793988703699
0.6008793988804368
0.6008793989645687
0.6008793989045679
0.600879398840583
0.6008793989003371
0.6008793989451275
0.6008793988489938
0.6008793988366945
0.60087939892231
0.6008793988919112
0.6008793988123752
0.6008793988541425
0.6008793989232819
0.6008793988353593
0.6008793988010087
0.6008793988807115
0.6008793988828706
0.6008793987926254
0.6008793988135355
0.6008793988965305
0.6008793988279535
0.6008793987732077
0.6008793988409415
0.6008793988751977
0.6008793987804253
0.600879398778948
0.600879398866556
0.6008793988251298
0.6008793987529838
0.6008793988040314
0.6008793988660509
0.6008793987747261
0.6008793987506689
0.6008793988349848
0.6008793988250956
0.6008793987398813
0.600879398770862
0.6008793988506768
0.6008793987743252
0.6008793987288317
0.6008793988032866
0.6008793988286395
0.6008793987927377
0.6008793987835613
