0.5
0.5040269634803382
0.5057105352953144
0.5000513996796101
0.48881035615674373
0.4756240749276261
0.4639962364210204
0.45659379040664705
0.45514038789997757
0.4605938747348003
0.473413936868332
0.4937583556417473
0.5214924230819078
0.5559880920418304
0.5958107870542908
0.6384893995938807
0.6805759956188376
0.7180975883802072
0.7473221789319096
0.7655998917666893
0.771988258052966
0.7674537506236354
0.7546068086266735
0.7370872668616977
0.718806186456366
0.703253221751567
0.6930195308239229
0.6896005556749423
0.693459126313346
0.7042643082743894
0.7211859400685612
0.7431272535178612
0.7688214325089965
0.7967924354723246
0.8252582500683797
0.8520982594174191
0.8749879027440224
0.8917261557473999
0.900681483280281
0.9012110196205363
0.8939008270760793
0.880532257632147
0.8637706193975738
0.8466582129307423
0.832045766054656
0.8221042828344387
0.8180281848112733
0.8199828744057216
0.8272809659863445
0.8387085970010739
0.8528843955044101
0.8685334879458675
0.8846014252199759
0.9002052321730885
0.914492171275334
0.926517861576555
0.9352433324807923
0.9396899159275496
0.9392102608804125
0.9337710319640233
0.9241256523138841
0.9117891465723837
0.8987955894600077
0.8872943508314786
0.8790974288239071
0.8753089304059971
0.8761439657268091
0.8809852354240981
0.8886494923285282
0.8977676961711791
0.9071468060685866
0.9159932670348083
0.9239364107398806
0.9308726650751427
0.9367246491643513
0.9412412202683309
0.9439412157543805
0.9442356852488434
0.9416811992010217
0.9362558399742056
0.9285344586361008
0.919675262316245
0.9112003530589787
0.9046308734363209
0.9010940143940245
0.9010338364855452
0.9041249142728609
0.9094180787129542
0.9156654022331532
0.921707297392675
0.9267834438714708
0.9306609975249893
0.9335469964803924
0.9358380580803123
0.937824067242556
0.9394772680726109
0.940418333850922
0.9400739898960753
0.9379590337189809
0.9339624618888067
0.9285134955472272
0.9225491279277982
0.9172818026710956
0.913844137141677
0.9129374249251014
0.9146129058345838
0.9182679593530789
0.9228603540727809
0.9272621008523283
0.9306218959227666
0.932602813731265
0.9334116046334842
0.933618456867243
0.9338484532619369
0.9344749864916799
0.9354415123099511
0.93628337240767
0.9363386990912859
0.9350601422965925
0.9322979443475792
0.9284354854909675
0.9243161292540412
0.9209822297816497
0.9193216544336356
0.9197552481530065
0.9220852884736761
0.9255647650996541
0.9291630918639937
0.9319282302772263
0.9333080011743933
0.9333096824397185
0.9324407796649916
0.9314599540544111
0.931041229750527
0.9314872987877298
0.9326062573528118
0.9337994541064796
0.9343231746987937
0.9336173777692676
0.9315678747887335
0.9285944369997687
0.925525851330673
0.9233070532311625
0.9226502836893911
0.9237655579266097
0.926276192267198
0.9293538931897249
0.9320226142749954
0.9335145005330201
0.9335408844229736
0.9323747442927899
0.9307152097154037
0.9293902663186562
0.9290168892320569
0.9297535458434496
0.9312423807428389
0.932762588830246
0.9335326012572089
0.9330398070614632
0.9312656448161805
0.9287151436557006
0.9262371047052766
0.9247038412085031
0.9246752772960656
0.9261792074914343
0.9286946879756601
0.9313462727690889
0.9332341924186747
0.9337721651057616
0.9329014998565313
0.9310987987336221
0.92917572186729
0.9279508922034114
0.9279238827051006
0.9290797667681463
0.9309006620247253
0.9325787238799357
0.9333454961378127
0.9327866726027583
0.9310171162912251
0.928646082089621
0.9265453260362346
0.9255106498622925
0.9259497872206066
0.9277196418549989
0.930177506494593
0.9324269063943238
0.9336621729273331
0.9334769590809411
0.9320160521452832
0.9299114773681283
0.9280287139286203
0.9271234087829825
0.927543910158396
0.9290965579727364
0.931126297838528
0.9327802400260534
0.9333497110499598
0.9325554714525979
0.9306632057974906
0.9283832885784855
0.9265938810632712
0.925996157283532
0.9268374173847185
0.9288113505557865
0.9311751248344933
0.9330376754626415
0.9337061452375677
0.932954491025038
0.9311088745868157
0.9289165487117785
0.9272501164851632
0.9267637294646562
0.9276365445441297
0.9295042404016085
0.9316052393383374
0.9330837034634611
0.9333296595730207
0.9322220240949912
0.9301785732633079
0.9279929710892185
0.9265228940644248
0.9263520343712814
0.9275591712572409
0.9296854397874006
0.9319129331020437
0.9333845589459615
0.9335394223960103
0.9323318608761786
0.930248042724515
0.9281137177479872
0.9267688888859087
0.9267374972905911
0.9280220933243923
0.9301041879977061
0.932149962850533
0.9333401595193063
0.9331940958041771
0.9317600934860184
0.9295972316357024
0.9275555424799402
0.9264411831205248
0.9266984692697835
0.9282340720515314
0.9304527317538682
0.9324905572688302
0.9335541598928658
0.9332321728558368
0.9316565622141264
0.9294502652204855
0.9274818072732958
0.9265235208843414
0.926947908627695
0.9285816374148446
0.9307745628870776
0.9326565112626799
0.9334806262176354
0.9329180183570536
0.9311876457468078
0.9289702512888214
0.9271402366390402
0.9264210718581463
0.9270999778990776
0.9289142984521195
0.9311543754713698
0.9329424802602959
0.933578010744053
0.9328130576849716
0.9309498510297576
0.9287217265786434
0.9270044835209967
0.9264717731846301
0.9273301808611605
0.9292382706560973
0.9314414225838206
0.9330693251458231
0.9334789476932261
0.932507917889424
0.9305385182324533
0.9283470986252567
0.9267982122442244
0.9265039400516359
0.9275825881203585
0.9296118151535497
0.9317946813407161
0.9332732570327589
0.933466314387523
0.9322981345157939
0.9302283335165418
0.928070959298277
0.926674083913203
0.9265860415719123
0.9278397152363067
0.9299397888029497
0.9320579625911338
0.9333592452006609
0.9333308263592022
0.9319840241034731
0.929849784616833
0.9277695126871774
0.9265636113900757
0.9267082707366281
0.9281477995273935
0.9303164190369073
0.9323609504934889
0.9334767143877405
0.9332243740651263
0.9317029563193084
0.9295109134681998
0.9275105531066004
0.9264885877592735
0.9268464594973773
0.928442368997251
0.9306472024984542
0.932592325502626
0.9335116631965397
0.9330433627823642
0.9313722511578524
0.929156995126164
0.9272706537085684
0.9264567972081015
0.9270366174229485
0.9287823736933034
0.9310070172234803
0.9328347057904525
0.9335456865145846
0.9328597372874585
0.9310465502609435
0.9288195861940596
0.927055191746009
0.9264475783322617
0.9272355170545366
0.9291083648054212
0.9313284218121289
0.9330214365898446
0.9335208634710714
0.9326303127571054
0.9307008487307515
0.9284927010929569
0.9268758502474734
0.9264873960316862
0.9274806372564715
0.9294646743323298
0.9316583209656459
0.9331977180781292
0.9334765164899717
0.9323846689636763
0.9303517971471429
0.9281780528927792
0.9267190733169703
0.9265490836795724
0.9277348074958207
0.9298092107447153
0.9319554178928331
0.9333283774284076
0.9333876126418457
0.9321100288725752
0.9299989803254274
0.9278860290023108
0.9266034624822999
0.9266565299555072
0.9280244663531976
0.9301686590998817
0.9322447420373094
0.9334350974093482
0.9332708317621725
0.9318164361484413
0.9296444130134052
0.9276098588798793
0.9265137652937754
0.9267876212042685
0.9283235124181197
0.930516620749271
0.9325033875653297
0.933501558364418
0.9331182066839043
0.9315044450217496
0.9292959022653271
0.9273624082715952
0.9264654567664428
0.9269583326323636
0.9286469887030557
0.9308664564725879
0.932742701368722
0.9335368083021309
0.932935962866873
0.9311766442682419
0.9289515177014487
0.9271366887776478
0.926446720557724
0.9271532596810412
0.928978070508913
0.931202598271256
0.932950917781662
0.933534648745697
0.9327240176094513
0.9308383280148231
0.9286202153676244
0.9269432026307673
0.92646771710946
0.9273810227963963
0.9293234781760633
0.9315301576281685
0.9331320682808621
0.9334983483670196
0.9324846953624579
0.9304901970052577
0.9283001855074644
0.9267769951572649
0.9265203963224404
0.9276314198982991
0.9296725734161422
0.9318401150971933
0.933280548071888
0.9334267059987968
0.9322210866551996
0.9301384896348028
0.9279990444204842
0.926645255259589
0.9266102366830433
0.9279077822926158
0.9300269336387896
0.9321331876693322
0.9333971108429246
0.9333209576986912
0.9319346774331696
0.929784124519814
0.9277161153868667
0.9265449713005425
0.9267318560917124
0.9282031791829286
0.9303795733081313
0.9324040362557073
0.9334793991291215
0.933182232996967
0.9316295839173547
0.9294328796263007
0.927457158826664
0.9264804341205901
0.9268873249903016
0.9285176022106825
0.9307292838852157
0.9326514369417249
0.9335271355818628
0.9330115261007474
0.931307625748788
0.9290863804692282
0.9272224610280517
0.9264498357143793
0.9270727482882419
0.9288459124313857
0.931071099877216
0.9328720878333745
0.9335396969217509
0.9328110505858966
0.9309730892077577
0.9287495772435144
0.9270160978962765
0.9264552649639677
0.9272879227482624
0.9291861822452081
0.9314025381820659
0.9330642230239328
0.93351688695318
0.9325822692337584
0.9306283948789629
0.9284246544519215
0.9268388336512141
0.9264953964870937
0.9275295834508535
0.9295341560703707
0.9317197588663781
0.9332257513938822
0.9334591108414008
0.9323279520461718
0.9302777093616619
0.9281157327370007
0.9266933687027792
0.926570716604725
0.9277960725394538
0.9298869116364343
0.9320198974396536
0.9333550963287247
0.9333667276039361
0.9320502062339491
0.9299239488211188
0.9278252315806836
0.9265804874610974
0.9266798729493413
0.9280842538385052
0.9302406152207232
0.9322998276043211
0.9334510171370527
0.9332408715146598
0.9317521451575415
0.9295710718385579
0.9275565170581006
0.9265017734779777
0.9268221777857777
0.9283915593592273
0.9305919240371454
0.9325568084580738
0.9335124767449909
0.9330826028916681
0.9314364608525683
0.9292222679333235
0.9273119295485444
0.9264576998713125
0.9269959587318135
0.9287147516544922
0.9309372532159197
0.9327882874976199
0.9335389551002571
0.9328936593354069
0.9311065062913246
0.9288812427082624
0.9270941341875978
0.9264489088975709
0.9271996432090521
0.9290507114888806
0.931273197852873
0.9329919291811379
0.9335301013744026
0.9326757917375283
0.9307654100915264
0.9285512271931349
0.9269051451773254
0.9264753594574902
0.9274311119343843
0.9293960467454714
0.9315964117632085
0.9331657470059149
0.9334860795972126
0.9324312693720929
0.9304166803657232
0.9282356185361844
0.9267469433464988
0.9265368656878508
0.9276881095119773
0.9297473368217057
0.9319036634108986
0.9333079693284301
0.9334072658219215
0.932162451570808
0.9300637100463829
0.9279374848134869
0.9266210421446963
0.9266327718430325
0.927968055395685
0.9301010846017466
0.9321919145471336
0.9334172174944455
0.933294493272329
0.9318720684152368
0.9297100661125799
0.9276598406185474
0.926528730563666
0.9267621447645993
0.928268168950714
0.930453759848457
0.9324582740968308
0.9334923728561011
0.9331488480739274
0.9315629730889565
0.9293592346219892
0.9274054220659786
0.9264709089125054
0.9269236884448198
0.9285854651254837
0.9308018638812545
0.9327001102319956
0.9335327118582866
0.9329718064996473
0.9312382677247555
0.9290147292304272
0.9271767770100661
0.9264481606717136
0.9271157949670914
0.9289167783734962
0.9311419186062035
0.9329149987294791
0.933537814314362
0.9327651127376757
0.9309011688795472
0.9286799675967974
0.9269761747787755
0.9264607109536513
0.9273365558433633
0.9292588188950173
0.9314705504475784
0.9331008137521526
0.9335076428857343
0.9325308364249498
0.930555041647483
0.9283582879432475
0.9268056140107823
0.9265084324922404
0.9275837675993117
0.9296081732699073
0.9317844779770039
0.9332556953447075
0.9334424886758117
0.9322713024496048
0.9302033270446168
0.928052890947634
0.9266667940575675
0.9265908543802226
0.9278549755286287
0.9299613712576933
0.9320805839852282
0.9333781090214142
0.9333430062557084
0.9319890984183883
0.9298495279670433
0.9277668159816266
0.9265610937955051
0.9267071512615539
0.9281474737695787
0.9303148903793532
0.932355914685522
0.933466831125167
0.933210182500658
0.9316870320912982
0.9294971668976366
0.9275029132044992
0.9264895692890793
0.9268561702627747
0.9284583558170298
0.9306652165000158
0.9326077335625296
0.9335209816099752
0.9330453413154567
0.9313681105097937
0.9291497499494039
0.9272638067490473
0.9264529285557273
0.927036423383979
0.9287845223425293
0.9310088581466698
0.9328335307359847
0.9335400196442767
0.9328501233513118
0.9310355096142786
0.9288107379948269
0.927051880226105
0.926451540236676
0.927246120218097
0.929122730050413
0.9313423973348496
0.9330310603244292
0.9335237564081138
0.9326264714328352
0.930692538697419
0.9284835031916574
0.9268692400223795
0.9264854145544525
0.9274831697777484
0.9294696091458667
0.9316625115735513
0.9331983548565923
0.9334723538780878
0.932376613199698
0.9303426141760343
0.9281713060060934
0.9267177075430122
0.9265542175352424
0.9277452151535568
0.9298217087298244
0.9319660155377907
0.933333749316692
0.9333863231281792
0.9321030343985319
0.9299892171926936
0.9278772515095506
0.9265987882643512
0.9266572613668711
0.9280296452602077
0.9301755219333139
0.9322498870023557
0.9334358959606168
0.9332665216275449
0.9318084603428864
0.9296358682472745
0.9276042697793532
0.9265136688264648
0.9267935227832818
0.9283336306015484
0.9305275278166825
0.9325113004362255
0.9335037774370667
0.9331141406901116
0.9314958215276552
0.92928608247589
0.9273550756958864
0.9264631940195174
0.9269616430761041
0.928654143356836
0.9308742212599688
0.932747653402431
0.9335367187480061
0.932930698769322
0.9311682323466559
0.9289433444240214
0.9271321525115694
0.9264478686843383
0.9271599505670323
0.928987994174783
0.9312121515394853
0.932956592811985
0.9335343909896898
0.932718020386635
0.9308289518153232
0.9286110636482445
0.9269377170139095
0.9264678432073705
0.9273864693860616
0.9293318584828387
0.9315379542089477
0.9331360390906727
0.933496818473849
0.932478224493833
0.9304813596261714
0.9282925503507855
0.9267737071036608
0.9265229207492311
0.9276389460526835
0.9296823139815584
0.9318483860452593
0.9332842052559416
0.9334243739664032
0.932213696448311
0.9301289138960305
0.9279909730369384
0.9266417533119724
0.9266125511588961
0.9279148658299099
0.9300358712084535
0.9321403567382283
0.9333996170585832
0.9333177800230301
0.9319270714822705
0.9297751253721578
0.9277093361375821
0.9265431713196539
0.9267358438868647
0.928211483122314
0.9303890110331887
0.9324109595434635
0.933481124711282
0.9331780963273408
0.9316212010437679
0.9294235138658928
0.9274504411659417
0.9264789405185283
0.926891569953443
0.9285258440564572
0.9307382175584398
0.9326575009165621
0.9335279177766689
0.9330067149661843
0.9312991320135691
0.9290775818182202
0.9272168675556587
0.9264497022349358
0.927078180597432
0.9288548200952318
0.93108001469836
0.9328775261156355
0.9335395293592783
0.9328053404321854
0.9309640686072933
0.9287407708321083
0.9270109384351422
0.9264557457050493
0.9272938167289244
0.9291951354882728
0.9314109997334692
0.9330688453354887
0.9335158450310734
0.9325759790747523
0.9306193483792438
0.928416435989811
0.9268347058734259
0.926497012517725
0.9275363329712605
0.9295434030776002
0.9317278777220586
0.9332295533412698
0.9334570993191942
0.9323209124644398
0.9302684010003739
0.9281078039304971
0.926689922269313
0.9265730901871745
0.9278033138939421
0.929896155289063
0.9320274942429179
0.9333580510385793
0.9333638783660572
0.9320426815579577
0.9299147221831867
0.9278179491782628
0.9265780308878668
0.9266832229615043
0.9280921027964959
0.9302498809512378
0.9323068664202496
0.9334530583896721
0.9332371087788676
0.9317440543164199
0.9295618307375932
0.927549755149998
0.9265001437063525
0.9268263129446257
0.9283998237904894
0.9306010583602764
0.9325632134049073
0.9335136305350327
0.9330780540305608
0.9314280054491098
0.9292132417758547
0.9273058937866363
0.9264570379427044
0.9270009371221537
0.9287234144116128
0.9309461918038493
0.9327939828587981
0.9335391634478558
0.9328882959562945
0.9310976793000971
0.9288724234084345
0.9270887906777894
0.926449140918356
0.9272053557492193
0.92905965252491
0.9312818453363292
0.9329968779877018
0.933529404069867
0.932669725212824
0.930756366213112
0.9285427705652076
0.9269006090962346
0.9264765329834102
0.9274375351219646
0.9294051915815729
0.9316046775741103
0.9331698783597611
0.9334844483501865
0.9324245159941453
0.9304074619790488
0.9282275628562002
0.9267432204113186
0.9265389397757369
0.9276951626944521
0.9297565911353327
0.9319114747768076
0.9333112624637312
0.9334047451098713
0.9321551110918838
0.930054441946953
0.9279299402513115
0.9266181933682018
0.9266357416473687
0.9279756749041643
0.9301103535169191
0.9321991826292975
0.9334196220220821
0.9332910864259056
0.9318641906335978
0.9297008183856963
0.9276528635018737
0.9265267707033829
0.9267659733941318
0.9282762782310865
0.9304629566240701
0.9324649372629987
0.9334938792145853
0.9331446052151673
0.9315546525779463
0.929350113677105
0.9273990929728342
0.9264698643908076
0.9269283400273025
0.9285939810958213
0.9308108905855577
0.9327060927221846
0.9335332938178258
0.932966758180303
0.9312295764847502
0.9290058170137143
0.9271711529019804
0.9264480391223864
0.9271212237982291
0.9289256199401352
0.9311506915356813
0.9329202487800816
0.9335374745428178
0.9327593173700814
0.9308922004083593
0.9286713579389501
0.9269713144467921
0.9264615139225518
0.9273427058646528
0.9292678940423669
0.9314789768501299
0.9331052729473774
0.9335063786027864
0.9325243462065429
0.9305458809601181
0.9283500639091435
0.9268015650090375
0.9265101529523405
0.9275905801388018
0.9296173954184757
0.9317924784572915
0.9332593239718965
0.9334403168101939
0.9322641855413945
0.9301940677521705
0.9280451354915791
0.9266635964026899
0.9265934736465438
0.9278623801840435
0.9299706453314367
0.932088075340298
0.933380867516242
0.9333399454737112
0.9319814234959674
0.929840261046712
0.9277596061598827
0.926558780179592
0.9267106449801372
0.9281553991773386
0.9303241267446019
0.9323628250576792
0.9334686944773496
0.9332062652031856
0.931678876788103
0.9294879850360076
0.9274963204257574
0.9264881616626157
0.9268605020097804
0.9284667210794435
0.9306743210859207
0.9326139921480425
0.9335219295819586
0.9330406052988205
0.9313595554027254
0.9291407445670545
0.927257897250209
0.9264524420308167
0.9270415514862897
0.9287932458101515
0.9310177419386823
0.9328390766746781
0.9335400439206092
0.9328446164588617
0.931026640088688
0.9288019984846492
0.9270467121572854
0.9264519786487886
0.9272519924125868
0.92913172360264
0.9313509706898295
0.9330358373989247
0.9335228560329867
0.9326202481251289
0.9306834430615583
0.9284751169187895
0.9268648654891516
0.9264867744074321
0.9274897285836188
0.929478784228668
0.9316706900165999
0.9332023161930882
0.93347053824404
0.9323697355753469
0.9303333828389626
0.9281633560653184
0.9267141695052379
0.9265564845761998
0.9277523945163006
0.9298309732802068
0.9319737170382387
0.9333368550358485
0.9333836100733117
0.9320955709082417
0.9299799422462429
0.927869817413157
0.9265961224426427
0.9266604135967522
0.9280373742856982
0.9301847842455908
0.9322570353101727
0.9334381154205027
0.9332629382721214
0.931800485231302
0.9296266418181578
0.9275974252075545
0.9265119013526453
0.9267975283811396
